# iz z min  max  N  mean sigma skew kurt sum sum  robust[N mean sig med]
1 101783620225.500000  -0.004620 0.005099 77851  -0.000000 0.001298 0.061107 -0.030438  -0.004713 0.000395   77326 -0.000008 0.001264 -0.000011
2 101790410073.000000  -0.004525 0.005217 77838  -0.000002 0.001203 0.011793 -0.020825  -0.182703 0.015315   77382 -0.000007 0.001171 0.000014
3 101797199920.500000  -0.004102 0.004288 77840  -0.000016 0.001158 -0.029144 -0.037494  -1.252634 0.105002   77344 -0.000016 0.001128 -0.000006
4 101803989768.000000  -0.004722 0.004828 77831  -0.000003 0.001180 -0.005271 0.072812  -0.215599 0.018073   77220 -0.000000 0.001141 -0.000015
5 101810779615.500000  -0.004116 0.004421 77852  -0.000007 0.001158 -0.009074 -0.033872  -0.509218 0.042685   77350 -0.000007 0.001129 -0.000011
6 101817569463.000000  -0.004264 0.004829 77836  0.000004 0.001164 -0.035876 0.033491  0.344227 -0.028855   77272 0.000006 0.001129 0.000019
7 101824359310.500000  -0.005365 0.004904 77837  0.000020 0.001099 0.015623 0.360239  1.586333 -0.132975   77013 0.000017 0.001047 0.000023
8 101831149158.000000  -0.004329 0.004854 77839  -0.000012 0.001116 0.066972 0.084243  -0.957960 0.080301   77248 -0.000021 0.001078 -0.000018
9 101837939005.500000  -0.005462 0.004950 77842  0.000008 0.001130 0.022202 0.340061  0.627779 -0.052624   76987 0.000005 0.001074 0.000001
10 101844728853.000000  -0.005419 0.004649 77847  -0.000007 0.001124 -0.069917 0.302245  -0.542063 0.045439   77088 0.000000 0.001074 -0.000005
11 101851518700.500000  -0.004828 0.004722 77847  -0.000019 0.001136 -0.029240 0.234997  -1.499078 0.125661   77013 -0.000012 0.001084 -0.000020
12 101858308548.000000  -0.005084 0.003971 77846  -0.000028 0.001105 -0.044002 0.135177  -2.142339 0.179582   77243 -0.000020 0.001068 -0.000020
13 101865098395.500000  -0.004711 0.004218 77847  -0.000003 0.001159 -0.048474 0.170970  -0.249253 0.020894   77051 0.000006 0.001110 -0.000012
14 101871888243.000000  -0.004447 0.004734 77832  0.000009 0.001153 0.002153 0.107327  0.721308 -0.060464   77145 0.000014 0.001109 -0.000001
15 101878678090.500000  -0.004059 0.003598 77856  0.000014 0.001148 -0.029595 -0.195852  1.055195 -0.088452   77560 0.000016 0.001132 0.000015
16 101885467938.000000  -0.004360 0.004351 77848  -0.000010 0.001159 -0.020653 0.085241  -0.780376 0.065415   77113 -0.000006 0.001116 -0.000017
17 101892257785.500000  -0.004476 0.004952 77848  0.000018 0.001150 0.016810 -0.018703  1.375728 -0.115321   77372 0.000015 0.001120 0.000024
18 101899047633.000000  -0.004270 0.004592 77850  0.000013 0.001137 -0.004362 -0.002919  1.020546 -0.085548   77315 0.000013 0.001104 0.000004
19 101905837480.500000  -0.005646 0.004131 77850  -0.000006 0.001141 -0.000759 0.303491  -0.477974 0.040066   76996 -0.000003 0.001085 -0.000019
20 101912627328.000000  -0.004889 0.004724 77850  0.000010 0.001117 -0.015690 -0.024826  0.784483 -0.065760   77435 0.000011 0.001090 0.000022
21 101919417175.500000  -0.004669 0.004149 77849  0.000002 0.001109 -0.041763 0.028186  0.160076 -0.013418   77199 0.000007 0.001073 0.000005
22 101926207023.000000  -0.004726 0.005221 77849  0.000022 0.001158 0.109654 0.265819  1.694152 -0.142013   76960 0.000013 0.001102 -0.000009
23 101932996870.500000  -0.004511 0.005520 77851  -0.000008 0.001126 0.005678 0.075337  -0.602987 0.050546   77334 -0.000006 0.001091 -0.000007
24 101939786718.000000  -0.004364 0.004295 77852  -0.000007 0.001134 0.004200 0.004545  -0.522469 0.043796   77304 -0.000010 0.001100 -0.000002
25 101946576565.500000  -0.004018 0.004002 77846  0.000019 0.001167 0.042951 -0.149469  1.441568 -0.120840   77479 0.000013 0.001146 0.000013
26 101953366413.000000  -0.004574 0.004176 77850  -0.000001 0.001119 -0.024749 0.040493  -0.075251 0.006308   77205 -0.000001 0.001083 0.000012
27 101960156260.500000  -0.004830 0.004582 77851  0.000009 0.001119 -0.018826 0.214440  0.733868 -0.061517   77017 0.000013 0.001069 0.000003
28 101966946108.000000  -0.004458 0.006502 77850  0.000005 0.001132 0.159645 0.547928  0.351650 -0.029477   77098 -0.000009 0.001077 -0.000010
29 101973735955.500000  -0.003999 0.005475 77850  -0.000000 0.001138 0.088384 0.021831  -0.030963 0.002595   77429 -0.000008 0.001110 -0.000025
30 101980525803.000000  -0.003941 0.007760 77851  -0.000007 0.001141 0.169498 0.462483  -0.560932 0.047020   77502 -0.000016 0.001110 -0.000022
31 101987315650.500000  -0.003949 0.003715 77852  -0.000018 0.001056 -0.006261 -0.082405  -1.385734 0.116160   77375 -0.000016 0.001030 -0.000014
32 101994105498.000000  -0.005206 0.004244 77850  -0.000004 0.001091 0.124844 0.129776  -0.350017 0.029340   77126 -0.000014 0.001048 -0.000039
33 102000895345.500000  -0.004071 0.009386 77843  0.000015 0.001159 0.286468 1.543555  1.129583 -0.094688   77218 0.000001 0.001099 0.000002
34 102007685193.000000  -0.004140 0.008673 77849  0.000012 0.001135 0.363680 2.091887  0.929554 -0.077920   76972 -0.000007 0.001056 0.000007
35 102014475040.500000  -0.004324 0.004810 77834  -0.000016 0.001121 -0.016892 -0.013845  -1.233030 0.103359   77337 -0.000014 0.001092 -0.000020
36 102021264888.000000  -0.004622 0.003973 77857  0.000006 0.001137 0.033278 -0.206647  0.467763 -0.039210   77564 0.000006 0.001119 -0.000008
37 102028054735.500000  -0.004303 0.003789 77845  0.000002 0.001111 -0.025881 -0.084156  0.132721 -0.011125   77430 0.000004 0.001087 0.000014
38 102034844583.000000  -0.004319 0.004469 77848  0.000008 0.001094 -0.051291 0.031515  0.624939 -0.052386   77203 0.000015 0.001057 0.000023
39 102041634430.500000  -0.004053 0.004098 77838  -0.000011 0.001149 -0.010219 0.142841  -0.850614 0.071303   76893 -0.000008 0.001096 -0.000013
40 102048424278.000000  -0.003867 0.003904 77842  0.000001 0.001083 0.084572 0.041215  0.105346 -0.008831   77159 -0.000007 0.001045 -0.000016
41 102055214125.500000  -0.004167 0.004122 77842  -0.000002 0.001131 -0.091155 -0.141931  -0.142687 0.011961   77491 0.000003 0.001110 0.000025
42 102062003973.000000  -0.004574 0.004228 77844  -0.000017 0.001100 0.019886 0.012624  -1.286522 0.107843   77315 -0.000019 0.001069 -0.000015
43 102068793820.500000  -0.003746 0.004105 77840  0.000002 0.001108 -0.031294 -0.147253  0.137538 -0.011529   77482 0.000003 0.001088 0.000002
44 102075583668.000000  -0.004171 0.003684 77841  0.000018 0.001084 0.025536 -0.154292  1.407494 -0.117984   77569 0.000018 0.001068 0.000002
45 102082373515.500000  -0.004472 0.004711 77844  0.000002 0.001106 0.102594 0.138058  0.137038 -0.011487   77113 -0.000005 0.001063 -0.000028
46 102089163363.000000  -0.004052 0.004764 77831  -0.000005 0.001071 0.026112 0.083155  -0.379841 0.031840   77249 -0.000007 0.001037 -0.000006
47 102095953210.500000  -0.005021 0.004187 77845  0.000000 0.001073 -0.010131 0.085447  0.028044 -0.002351   77257 -0.000002 0.001037 -0.000003
48 102102743058.000000  -0.004236 0.003780 77842  0.000011 0.001101 -0.025136 -0.102604  0.880443 -0.073803   77402 0.000015 0.001075 0.000001
49 102109532905.500000  -0.004455 0.004187 77841  0.000013 0.001136 -0.023538 0.051961  1.049363 -0.087963   77169 0.000015 0.001097 0.000024
50 102116322753.000000  -0.004061 0.003867 77842  0.000002 0.001099 -0.070425 -0.071448  0.129952 -0.010893   77346 0.000005 0.001072 0.000008
51 102123112600.500000  -0.004200 0.003823 77838  -0.000004 0.001116 -0.028778 -0.094418  -0.335131 0.028092   77423 -0.000003 0.001091 0.000010
52 102129902448.000000  -0.005130 0.004601 77837  -0.000001 0.001089 0.024325 0.178100  -0.040673 0.003409   77115 -0.000005 0.001047 0.000002
53 102136692295.500000  -0.004519 0.004029 77837  -0.000021 0.001070 -0.048250 -0.035124  -1.596269 0.133808   77385 -0.000018 0.001042 -0.000001
54 102143482143.000000  -0.003908 0.005029 77835  0.000016 0.001139 0.009303 0.143726  1.235518 -0.103568   77202 0.000014 0.001099 0.000028
55 102150271990.500000  -0.003643 0.003755 77829  -0.000013 0.001090 0.034309 -0.120099  -0.999267 0.083764   77402 -0.000016 0.001067 -0.000025
56 102157061838.000000  -0.003587 0.004278 77797  0.000024 0.001110 0.030558 0.007636  1.828596 -0.153283   77178 0.000016 0.001076 0.000031
57 102163851685.500000  -0.003720 0.003706 77843  0.000002 0.001067 0.041821 -0.185361  0.170061 -0.014255   77515 0.000000 0.001050 -0.000002
58 102170641533.000000  -0.004399 0.004110 77829  -0.000003 0.001097 -0.056865 0.160473  -0.263244 0.022066   77084 0.000005 0.001053 -0.000004
59 102177431380.500000  -0.003987 0.004346 77829  0.000014 0.001104 0.068664 0.011191  1.099752 -0.092187   77268 0.000004 0.001071 0.000021
60 102184221228.000000  -0.004736 0.004683 77825  -0.000001 0.001063 0.053279 0.207261  -0.110859 0.009293   77095 -0.000008 0.001019 -0.000015
61 102191011075.500000  -0.004049 0.004005 77825  -0.000002 0.001112 0.013286 -0.152470  -0.143265 0.012009   77486 -0.000003 0.001093 -0.000011
62 102197800923.000000  -0.004404 0.003830 77824  -0.000010 0.001077 0.000524 0.242594  -0.783778 0.065700   76772 -0.000008 0.001020 -0.000007
63 102204590770.500000  -0.004300 0.004047 77824  -0.000015 0.001063 -0.012892 0.055096  -1.140490 0.095602   77193 -0.000016 0.001028 -0.000017
64 102211380618.000000  -0.003969 0.004034 77829  0.000026 0.001040 -0.007090 0.011426  2.023711 -0.169638   77258 0.000025 0.001009 0.000027
65 102218170465.500000  -0.003893 0.004490 77829  -0.000005 0.001105 0.031219 0.088658  -0.421565 0.035338   77126 -0.000006 0.001064 -0.000013
66 102224960313.000000  -0.003828 0.004449 77830  0.000016 0.001082 0.106823 0.097311  1.243702 -0.104254   77188 0.000005 0.001044 -0.000017
67 102231750160.500000  -0.004349 0.004434 77833  0.000034 0.001145 0.021769 -0.076779  2.658215 -0.222826   77390 0.000034 0.001118 0.000022
68 102238540008.000000  -0.003876 0.003790 77834  0.000008 0.001089 -0.010971 -0.071222  0.612164 -0.051315   77315 0.000012 0.001060 0.000004
69 102245329855.500000  -0.003877 0.004279 77834  0.000009 0.001077 0.046291 -0.023852  0.665946 -0.055823   77334 0.000005 0.001049 0.000001
70 102252119703.000000  -0.004050 0.004302 77832  -0.000008 0.001058 0.048156 0.035114  -0.613499 0.051427   77193 -0.000014 0.001024 -0.000018
71 102258909550.500000  -0.004247 0.003957 77829  -0.000008 0.001107 -0.033618 -0.071898  -0.641680 0.053789   77369 -0.000001 0.001080 -0.000016
72 102265699398.000000  -0.005416 0.004077 77831  0.000013 0.001077 -0.128682 0.260764  1.040772 -0.087243   77165 0.000027 0.001034 0.000033
73 102272489245.500000  -0.004157 0.004612 77832  -0.000010 0.001052 0.131736 0.152121  -0.780153 0.065397   77181 -0.000020 0.001014 -0.000042
74 102279279093.000000  -0.003622 0.004196 77832  0.000002 0.001054 0.035836 -0.056764  0.118165 -0.009905   77371 -0.000004 0.001029 -0.000007
75 102286068940.500000  -0.004636 0.003790 77834  -0.000010 0.001060 -0.076581 0.022583  -0.786994 0.065970   77347 -0.000002 0.001030 0.000010
76 102292858788.000000  -0.004265 0.003949 77831  0.000013 0.001102 -0.014314 -0.042826  1.050102 -0.088025   77381 0.000016 0.001076 0.000025
77 102299648635.500000  -0.004720 0.003854 77802  -0.000002 0.001111 0.078991 -0.026396  -0.154821 0.012978   77263 -0.000008 0.001080 -0.000016
78 102306438483.000000  -0.003840 0.004344 77836  -0.000011 0.001071 0.045250 -0.050510  -0.828844 0.069478   77400 -0.000019 0.001045 -0.000008
79 102313228330.500000  -0.004091 0.004488 77827  -0.000008 0.001103 -0.025895 -0.037778  -0.599916 0.050288   77309 -0.000008 0.001073 0.000004
80 102320018178.000000  -0.004337 0.004294 77827  0.000001 0.001121 -0.003253 0.059583  0.091159 -0.007641   77189 -0.000001 0.001083 0.000014
81 102326808025.500000  -0.004853 0.004092 77828  -0.000003 0.001090 -0.048261 0.038892  -0.209885 0.017594   77254 -0.000002 0.001055 0.000006
82 102333597873.000000  -0.003549 0.004440 77827  0.000007 0.001065 0.002448 -0.141836  0.512113 -0.042928   77473 0.000005 0.001045 0.000002
83 102340387720.500000  -0.003909 0.004042 77827  -0.000025 0.001106 -0.029642 -0.178778  -1.922315 0.161139   77490 -0.000025 0.001087 -0.000015
84 102347177568.000000  -0.004352 0.004462 77825  0.000003 0.001130 -0.025855 -0.108330  0.232704 -0.019506   77392 0.000003 0.001104 0.000021
85 102353967415.500000  -0.004535 0.004050 77824  0.000003 0.001061 -0.004407 0.074123  0.213738 -0.017917   77230 0.000003 0.001024 0.000002
86 102360757263.000000  -0.004072 0.003774 77823  0.000003 0.001096 0.004438 -0.037153  0.226785 -0.019010   77319 0.000007 0.001068 -0.000003
87 102367547110.500000  -0.004307 0.003606 77820  -0.000002 0.001053 -0.034024 0.020604  -0.181781 0.015238   77180 0.000005 0.001018 -0.000008
88 102374336958.000000  -0.005921 0.004112 77802  -0.000021 0.001117 -0.066394 0.238167  -1.602552 0.134334   77180 -0.000010 0.001076 -0.000028
89 102381126805.500000  -0.004310 0.004516 77823  -0.000007 0.001118 -0.016891 -0.061759  -0.514042 0.043090   77403 -0.000001 0.001093 -0.000003
90 102387916653.000000  -0.004538 0.004538 77820  -0.000001 0.001039 0.031591 0.318421  -0.103828 0.008703   76843 -0.000005 0.000985 -0.000006
91 102394706500.500000  -0.004188 0.003679 77824  -0.000006 0.001088 -0.030282 -0.132798  -0.482138 0.040415   77429 -0.000001 0.001067 -0.000007
92 102401496348.000000  -0.003549 0.003917 77824  -0.000007 0.001080 0.042402 -0.132570  -0.551266 0.046210   77437 -0.000014 0.001059 -0.000007
93 102408286195.500000  -0.004235 0.004192 77824  -0.000003 0.001078 0.030470 0.193568  -0.249140 0.020884   76985 -0.000012 0.001029 -0.000003
94 102415076043.000000  -0.003665 0.008358 77829  0.000030 0.001150 0.571650 2.422903  2.311281 -0.193744   77233 0.000001 0.001076 -0.000014
95 102421865890.500000  -0.004456 0.009611 77831  0.000035 0.001179 0.780115 3.853214  2.736903 -0.229422   76704 -0.000006 0.001052 -0.000024
96 102428655738.000000  -0.003873 0.013014 77831  0.000074 0.001391 2.191734 14.174810  5.764915 -0.483246   76340 -0.000025 0.001089 -0.000011
97 102435445585.500000  -0.003981 0.021688 77830  0.000134 0.001711 4.025487 31.860579  10.436956 -0.874881   75777 -0.000022 0.001089 -0.000021
98 102442235433.000000  -0.005440 0.045083 77819  0.000161 0.002132 8.579000 126.426191  12.551985 -1.052174   75920 -0.000019 0.001108 -0.000025
99 102449025280.500000  -0.003666 0.054956 77831  0.000207 0.002465 10.564154 165.919716  16.126573 -1.351815   75921 -0.000012 0.001061 -0.000042
100 102455815128.000000  -0.004429 0.041422 77829  0.000153 0.002069 8.654910 124.208408  11.939215 -1.000808   76212 -0.000011 0.001101 -0.000023
101 102462604975.500000  -0.004218 0.031176 77829  0.000135 0.001788 6.056175 71.551218  10.483237 -0.878760   76052 0.000001 0.001091 0.000010
102 102469394823.000000  -0.004596 0.022301 77827  0.000093 0.001642 4.264790 37.834052  7.234598 -0.606442   76191 -0.000043 0.001087 -0.000029
103 102476184670.500000  -0.004012 0.028988 77827  0.000106 0.001724 5.933007 65.408141  8.258247 -0.692250   76497 -0.000024 0.001058 -0.000042
104 102482974518.000000  -0.003837 0.035554 77828  0.000121 0.001811 7.287838 97.712568  9.394844 -0.787525   76297 -0.000023 0.001059 -0.000024
105 102489764365.500000  -0.003935 0.032737 77827  0.000113 0.001728 7.319084 98.455547  8.822969 -0.739588   76806 0.000008 0.001066 0.000009
106 102496554213.000000  -0.004559 0.016858 77826  0.000053 0.001353 2.940882 25.273205  4.163343 -0.348993   76338 -0.000019 0.001031 -0.000041
107 102503344060.500000  -0.003706 0.009437 77823  -0.000004 0.001162 0.473642 2.254050  -0.348276 0.029194   77079 -0.000027 0.001088 -0.000039
108 102510133908.000000  -0.005277 0.005588 77806  -0.000010 0.001152 0.028288 0.482274  -0.777531 0.065177   76716 -0.000008 0.001081 -0.000020
109 102516923755.500000  -0.003611 0.004158 77832  -0.000002 0.001084 0.131906 0.034573  -0.136683 0.011457   77225 -0.000017 0.001048 -0.000024
110 102523713603.000000  -0.004450 0.004124 77825  0.000011 0.001060 0.008065 0.236562  0.853931 -0.071581   76908 0.000012 0.001008 0.000002
111 102530503450.500000  -0.004319 0.004450 77825  0.000013 0.001070 -0.060413 0.117831  1.042852 -0.087417   77074 0.000019 0.001027 0.000033
112 102537293298.000000  -0.003946 0.004141 77826  0.000011 0.001013 0.041077 0.004485  0.858115 -0.071932   77242 0.000011 0.000982 0.000005
113 102544083145.500000  -0.003806 0.004358 77828  0.000010 0.001056 0.078372 0.048002  0.784829 -0.065789   77235 0.000005 0.001022 -0.000004
114 102550872993.000000  -0.003495 0.004035 77828  0.000011 0.001095 0.042164 -0.153313  0.862609 -0.072308   77518 0.000008 0.001077 -0.000007
115 102557662840.500000  -0.004383 0.003801 77827  0.000008 0.001068 0.006959 -0.039033  0.623443 -0.052260   77382 0.000009 0.001042 0.000007
116 102564452688.000000  -0.004094 0.003791 77824  0.000006 0.001101 -0.014948 -0.104058  0.478423 -0.040104   77422 0.000007 0.001078 0.000013
117 102571242535.500000  -0.004247 0.003782 77826  0.000012 0.001046 -0.024920 0.046082  0.898660 -0.075330   77265 0.000017 0.001013 0.000011
118 102578032383.000000  -0.004211 0.003921 77823  -0.000006 0.001052 0.024337 0.031911  -0.505517 0.042375   77166 -0.000004 0.001017 -0.000020
119 102584822230.500000  -0.004631 0.003885 77823  -0.000007 0.001112 0.063744 -0.032024  -0.565065 0.047367   77342 -0.000007 0.001082 -0.000028
120 102591612078.000000  -0.003814 0.004819 77830  0.000006 0.001092 0.082759 0.025935  0.503095 -0.042172   77300 -0.000001 0.001060 0.000000
121 102598401925.500000  -0.003945 0.004008 77831  -0.000007 0.001070 0.010719 -0.080521  -0.573043 0.048036   77387 -0.000009 0.001044 -0.000007
122 102605191773.000000  -0.003792 0.003618 77831  -0.000006 0.001062 0.079681 -0.068684  -0.458386 0.038424   77303 -0.000012 0.001034 -0.000023
123 102611981620.500000  -0.003864 0.003775 77827  -0.000000 0.001049 0.008964 0.011387  -0.002380 0.000200   77161 0.000001 0.001014 -0.000008
124 102618771468.000000  -0.003585 0.005182 77823  0.000013 0.001088 0.123486 0.033198  1.021180 -0.085601   77345 0.000004 0.001059 -0.000018
125 102625561315.500000  -0.003856 0.003945 77823  0.000014 0.001023 -0.004554 0.077779  1.106618 -0.092763   77098 0.000012 0.000985 0.000027
126 102632351163.000000  -0.004386 0.004036 77823  0.000011 0.001059 0.110409 0.093584  0.893550 -0.074902   77118 0.000006 0.001018 -0.000022
127 102639141010.500000  -0.003567 0.004138 77820  -0.000018 0.001030 0.015871 -0.042710  -1.418565 0.118912   77322 -0.000017 0.001004 -0.000029
128 102645930858.000000  -0.004293 0.004417 77821  0.000002 0.001087 -0.015269 0.053343  0.151561 -0.012705   77228 0.000001 0.001052 0.000007
129 102652720705.500000  -0.004272 0.003812 77806  0.000005 0.001099 -0.130438 0.078644  0.409073 -0.034291   77100 0.000013 0.001059 0.000041
130 102659510553.000000  -0.003647 0.004816 77850  0.000012 0.001101 0.020866 -0.194898  0.913041 -0.076536   77585 0.000009 0.001085 0.000014
131 102666300400.500000  -0.004109 0.003722 77830  0.000009 0.001064 0.037741 -0.087481  0.699356 -0.058624   77409 0.000009 0.001042 0.000000
132 102673090248.000000  -0.003839 0.004030 77833  -0.000012 0.001032 0.064741 -0.040886  -0.939545 0.078758   77343 -0.000015 0.001005 -0.000031
133 102679880095.500000  -0.003665 0.004658 77839  -0.000007 0.001055 0.021922 -0.102465  -0.578720 0.048511   77451 -0.000009 0.001033 -0.000012
134 102686669943.000000  -0.003773 0.003931 77840  -0.000024 0.001037 0.025162 -0.052362  -1.906216 0.159789   77358 -0.000026 0.001011 -0.000027
135 102693459790.500000  -0.004647 0.004591 77839  0.000006 0.001068 0.062509 0.179459  0.493370 -0.041357   77125 -0.000003 0.001024 -0.000001
136 102700249638.000000  -0.004327 0.004077 77842  -0.000004 0.001086 -0.021450 0.153294  -0.328185 0.027510   76996 -0.000000 0.001039 -0.000009
137 102707039485.500000  -0.003876 0.003925 77843  -0.000009 0.001036 0.112380 -0.161556  -0.723882 0.060680   77517 -0.000014 0.001018 -0.000054
138 102713829333.000000  -0.003881 0.003761 77843  -0.000006 0.001074 -0.040129 0.113368  -0.471738 0.039544   77036 -0.000000 0.001030 0.000004
139 102720619180.500000  -0.003684 0.003677 77843  0.000008 0.000995 0.035279 -0.049865  0.657325 -0.055100   77271 0.000005 0.000967 0.000005
140 102727409028.000000  -0.004148 0.003911 77842  -0.000007 0.001112 0.002389 -0.143385  -0.527067 0.044182   77492 -0.000007 0.001092 -0.000010
141 102734198875.500000  -0.003977 0.003988 77844  -0.000005 0.001078 0.053096 0.020631  -0.385956 0.032353   77261 -0.000011 0.001045 -0.000005
142 102740988723.000000  -0.004242 0.004800 77846  -0.000015 0.001060 0.026511 0.134230  -1.161045 0.097325   77128 -0.000018 0.001018 -0.000011
143 102747778570.500000  -0.004379 0.003774 77848  0.000007 0.001069 -0.032782 -0.049684  0.514459 -0.043125   77428 0.000009 0.001045 0.000008
144 102754568418.000000  -0.003808 0.004289 77849  0.000004 0.001068 0.048492 0.081422  0.283999 -0.023806   77118 0.000001 0.001028 -0.000006
145 102761358265.500000  -0.003887 0.003742 77849  -0.000001 0.001041 0.044789 -0.039609  -0.107007 0.008970   77299 -0.000003 0.001011 -0.000013
146 102768148113.000000  -0.003358 0.003687 77847  0.000009 0.001057 0.024761 -0.185381  0.717244 -0.060123   77529 0.000007 0.001040 0.000007
147 102774937960.500000  -0.004589 0.004814 77845  0.000008 0.001080 0.093249 0.068589  0.585106 -0.049047   77322 0.000000 0.001047 -0.000012
148 102781727808.000000  -0.004552 0.004617 77846  -0.000021 0.001059 0.046097 0.065708  -1.602954 0.134368   77225 -0.000029 0.001023 -0.000025
149 102788517655.500000  -0.004082 0.003884 77847  -0.000010 0.001077 0.015022 -0.059545  -0.816954 0.068481   77395 -0.000011 0.001052 -0.000014
150 102795307503.000000  -0.004920 0.003710 77850  -0.000005 0.001118 0.008408 -0.040878  -0.396349 0.033224   77339 -0.000004 0.001089 -0.000014
151 102802097350.500000  -0.004094 0.003964 77847  -0.000015 0.001100 0.028904 -0.034021  -1.171992 0.098243   77346 -0.000016 0.001071 -0.000037
152 102808887198.000000  -0.003560 0.004559 77845  0.000003 0.001049 0.087336 -0.050423  0.239073 -0.020040   77398 -0.000003 0.001024 -0.000016
153 102815677045.500000  -0.004343 0.004407 77845  0.000016 0.001091 0.044534 0.185221  1.240231 -0.103963   76988 0.000014 0.001042 -0.000010
154 102822466893.000000  -0.004139 0.004247 77847  -0.000002 0.001062 0.148814 0.032234  -0.164232 0.013767   77261 -0.000011 0.001027 -0.000044
155 102829256740.500000  -0.004041 0.003787 77845  -0.000007 0.001061 0.051413 0.069116  -0.530099 0.044436   77118 -0.000013 0.001022 -0.000013
156 102836046588.000000  -0.004014 0.004048 77846  -0.000009 0.001057 -0.039874 -0.012065  -0.723237 0.060626   77333 -0.000008 0.001029 -0.000002
157 102842836435.500000  -0.004010 0.003859 77844  0.000024 0.001072 -0.003343 -0.029545  1.890073 -0.158436   77312 0.000027 0.001042 0.000014
158 102849626283.000000  -0.003839 0.003839 77848  -0.000011 0.001111 -0.024964 -0.139826  -0.857019 0.071840   77480 -0.000010 0.001091 -0.000010
159 102856416130.500000  -0.005398 0.004204 77850  0.000024 0.001034 -0.031535 0.259729  1.866700 -0.156477   77169 0.000026 0.000991 0.000012
160 102863205978.000000  -0.003899 0.004605 77848  0.000004 0.001069 0.028324 0.089298  0.299991 -0.025147   77163 0.000003 0.001030 0.000005
161 102869995825.500000  -0.003956 0.004770 77849  0.000010 0.001154 0.051567 -0.007202  0.784645 -0.065773   77245 0.000008 0.001120 -0.000006
162 102876785673.000000  -0.004016 0.003763 77845  0.000011 0.001054 0.030829 -0.105870  0.826410 -0.069274   77418 0.000012 0.001031 -0.000004
163 102883575520.500000  -0.003972 0.004000 77844  0.000013 0.001044 0.049130 0.056976  1.048139 -0.087861   77222 0.000007 0.001008 0.000011
164 102890365368.000000  -0.004300 0.004862 77848  0.000007 0.001059 0.106560 0.151397  0.529892 -0.044418   77146 -0.000001 0.001018 -0.000015
165 102897155215.500000  -0.004166 0.003974 77844  -0.000019 0.001065 0.004123 -0.110909  -1.503947 0.126069   77415 -0.000018 0.001041 -0.000023
166 102903945063.000000  -0.004579 0.003931 77844  -0.000014 0.001109 -0.125664 -0.073109  -1.067855 0.089513   77455 -0.000004 0.001085 0.000017
167 102910734910.500000  -0.004408 0.004118 77843  -0.000011 0.001129 0.023182 -0.123824  -0.831911 0.069735   77432 -0.000012 0.001106 -0.000015
168 102917524758.000000  -0.004597 0.004069 77844  0.000021 0.001134 -0.050409 0.035176  1.610018 -0.134960   77226 0.000024 0.001098 0.000027
169 102924314605.500000  -0.004524 0.004836 77844  0.000004 0.001101 0.077626 0.313003  0.282810 -0.023707   77013 -0.000005 0.001047 -0.000012
170 102931104453.000000  -0.004308 0.005578 77845  0.000019 0.001116 0.127633 0.428072  1.486281 -0.124588   76970 0.000008 0.001057 -0.000008
171 102937894300.500000  -0.004439 0.004401 77845  0.000002 0.001134 -0.019808 0.015494  0.181031 -0.015175   77313 0.000002 0.001101 0.000011
172 102944684148.000000  -0.003864 0.007894 77845  0.000011 0.001122 0.259047 0.858838  0.868857 -0.072832   77037 -0.000009 0.001064 -0.000019
173 102951473995.500000  -0.004356 0.007639 77845  0.000020 0.001095 0.155450 0.992199  1.585470 -0.132902   77152 0.000015 0.001040 0.000014
174 102958263843.000000  -0.003583 0.005245 77841  0.000010 0.001047 0.178057 0.250208  0.790175 -0.066237   77257 -0.000004 0.001009 -0.000006
175 102965053690.500000  -0.004172 0.005707 77839  -0.000004 0.001109 0.087279 0.155382  -0.287614 0.024109   77224 -0.000012 0.001071 -0.000019
176 102971843538.000000  -0.003985 0.006714 77838  0.000019 0.001108 0.192538 0.950018  1.505221 -0.126176   76782 0.000008 0.001033 0.000006
177 102978633385.500000  -0.003779 0.008561 77836  0.000025 0.001131 0.360458 1.593698  1.978509 -0.165849   77239 0.000008 0.001069 0.000006
178 102985423233.000000  -0.004717 0.010554 77835  0.000011 0.001186 0.572887 3.164690  0.847142 -0.071012   77149 -0.000009 0.001107 -0.000048
179 102992213080.500000  -0.003893 0.004268 77833  0.000024 0.001060 0.076118 0.040664  1.869930 -0.156747   77272 0.000016 0.001027 0.000005
180 102999002928.000000  -0.003599 0.005353 77836  -0.000004 0.001126 0.209268 0.181793  -0.318738 0.026718   77103 -0.000027 0.001080 -0.000050
181 103005792775.500000  -0.004596 0.003943 77838  -0.000011 0.001109 -0.019597 0.028859  -0.872271 0.073118   77224 -0.000008 0.001074 -0.000007
182 103012582623.000000  -0.004186 0.003910 77839  0.000007 0.001136 -0.016664 -0.046936  0.556608 -0.046658   77319 0.000008 0.001106 0.000016
183 103019372470.500000  -0.004178 0.003985 77836  0.000010 0.001089 -0.017367 -0.022249  0.762602 -0.063925   77289 0.000015 0.001058 0.000005
184 103026162318.000000  -0.003864 0.004614 77837  0.000015 0.001068 -0.045032 0.099083  1.202758 -0.100822   77204 0.000015 0.001031 0.000034
185 103032952165.500000  -0.005244 0.003829 77837  0.000003 0.001129 -0.119664 0.209823  0.266566 -0.022345   77133 0.000015 0.001083 0.000025
186 103039742013.000000  -0.004488 0.004463 77838  0.000011 0.001140 -0.016461 0.043413  0.842695 -0.070639   77232 0.000011 0.001102 0.000024
187 103046531860.500000  -0.005075 0.004713 77834  -0.000004 0.001153 -0.007442 0.076791  -0.323273 0.027098   77259 -0.000002 0.001116 -0.000022
188 103053321708.000000  -0.004654 0.004061 77831  0.000001 0.001099 -0.042946 0.024219  0.110241 -0.009241   77261 0.000008 0.001066 0.000003
189 103060111555.500000  -0.004846 0.004347 77831  -0.000006 0.001072 -0.122903 0.053949  -0.474949 0.039813   77272 0.000004 0.001038 0.000027
190 103066901403.000000  -0.004564 0.003771 77829  0.000004 0.001128 -0.051161 0.031933  0.348669 -0.029227   77269 0.000010 0.001094 0.000020
191 103073691250.500000  -0.004213 0.003923 77829  -0.000030 0.001128 -0.030407 0.009770  -2.359808 0.197812   77201 -0.000023 0.001092 -0.000040
192 103080481098.000000  -0.004341 0.004171 77821  0.000008 0.001161 -0.020542 0.062355  0.636440 -0.053350   77110 0.000013 0.001118 0.000008
193 103087270945.500000  -0.004278 0.004055 77822  0.000014 0.001102 -0.067422 0.146316  1.115122 -0.093475   77050 0.000017 0.001057 0.000031
194 103094060793.000000  -0.004148 0.004205 77820  0.000008 0.001134 0.085708 -0.040765  0.625833 -0.052461   77327 0.000000 0.001104 -0.000015
195 103100850640.500000  -0.004368 0.003722 77824  -0.000003 0.001118 -0.003444 -0.035444  -0.208941 0.017515   77273 -0.000000 0.001088 -0.000009
196 103107640488.000000  -0.004672 0.003956 77824  0.000011 0.001100 -0.015366 0.015921  0.881904 -0.073926   77293 0.000011 0.001068 0.000014
197 103114430335.500000  -0.005136 0.004616 77827  -0.000006 0.001077 -0.000240 0.272091  -0.453405 0.038007   77116 -0.000007 0.001033 -0.000017
198 103121220183.000000  -0.004996 0.004525 77826  -0.000007 0.001162 0.042500 -0.085724  -0.562186 0.047125   77436 -0.000010 0.001138 -0.000027
199 103128010030.500000  -0.004353 0.003986 77828  -0.000002 0.001088 0.027195 -0.122072  -0.118035 0.009894   77433 -0.000004 0.001066 -0.000009
200 103134799878.000000  -0.004482 0.004165 77825  -0.000001 0.001141 0.034564 -0.089526  -0.075353 0.006317   77411 -0.000000 0.001116 -0.000023
201 103141589725.500000  -0.003893 0.004365 77826  0.000006 0.001143 0.048831 0.024259  0.456243 -0.038245   77172 -0.000001 0.001105 -0.000006
202 103148379573.000000  -0.003933 0.004133 77805  0.000011 0.001140 0.019287 -0.143850  0.847650 -0.071054   77430 0.000011 0.001118 -0.000003
203 103155169420.500000  -0.004032 0.004088 77844  0.000017 0.001095 -0.063692 -0.095214  1.297405 -0.108755   77402 0.000024 0.001070 0.000025
204 103161959268.000000  -0.004931 0.004118 77830  0.000021 0.001156 -0.006851 0.038275  1.613523 -0.135254   77287 0.000024 0.001122 0.000015
205 103168749115.500000  -0.004595 0.004115 77837  0.000003 0.001120 0.002910 -0.039707  0.269791 -0.022615   77358 0.000006 0.001092 0.000002
206 103175538963.000000  -0.004193 0.004487 77839  0.000000 0.001103 0.031019 0.034872  0.023590 -0.001977   77231 -0.000001 0.001067 -0.000005
207 103182328810.500000  -0.004731 0.004466 77839  -0.000011 0.001197 0.016819 -0.032968  -0.864402 0.072459   77432 -0.000011 0.001169 -0.000021
208 103189118658.000000  -0.004977 0.004543 77841  -0.000008 0.001192 -0.071008 -0.053950  -0.588973 0.049371   77362 -0.000001 0.001161 0.000008
209 103195908505.500000  -0.004315 0.004200 77840  0.000020 0.001148 0.081153 -0.010341  1.536219 -0.128774   77297 0.000014 0.001115 -0.000003
210 103202698353.000000  -0.004650 0.004609 77836  0.000012 0.001099 -0.000507 -0.006325  0.938660 -0.078683   77297 0.000011 0.001067 0.000008
211 103209488200.500000  -0.004581 0.004772 77833  -0.000023 0.001183 -0.065057 0.037170  -1.797347 0.150663   77217 -0.000017 0.001144 -0.000002
212 103216278048.000000  -0.004364 0.004367 77834  -0.000023 0.001180 0.071113 0.026006  -1.779323 0.149152   77209 -0.000029 0.001143 -0.000044
213 103223067895.500000  -0.004213 0.004242 77824  0.000002 0.001157 -0.047691 -0.064998  0.172413 -0.014453   77351 0.000006 0.001129 0.000010
214 103229857743.000000  -0.003718 0.004314 77836  0.000024 0.001118 0.090818 -0.058958  1.898885 -0.159175   77340 0.000016 0.001090 0.000006
215 103236647590.500000  -0.004296 0.004368 77840  -0.000011 0.001139 -0.044712 -0.050059  -0.869127 0.072855   77329 -0.000005 0.001110 -0.000004
216 103243437438.000000  -0.005189 0.004055 77844  -0.000005 0.001141 -0.097506 0.015495  -0.354721 0.029735   77340 0.000005 0.001108 0.000019
217 103250227285.500000  -0.004693 0.004285 77846  0.000025 0.001176 -0.016148 -0.023777  1.976568 -0.165686   77274 0.000031 0.001141 0.000018
218 103257017133.000000  -0.004057 0.005512 77848  0.000014 0.001150 0.077126 0.163929  1.110008 -0.093047   77131 0.000010 0.001105 -0.000006
219 103263806980.500000  -0.005087 0.005041 77846  0.000005 0.001156 0.009280 0.103995  0.386532 -0.032401   77297 0.000004 0.001119 0.000008
220 103270596828.000000  -0.004556 0.004884 77845  -0.000011 0.001178 0.018293 -0.029170  -0.859861 0.072078   77374 -0.000013 0.001148 -0.000012
221 103277386675.500000  -0.004511 0.004369 77841  0.000011 0.001163 -0.000339 0.140606  0.824748 -0.069135   77094 0.000014 0.001116 0.000003
222 103284176523.000000  -0.004074 0.004222 77843  -0.000004 0.001159 0.085930 -0.142602  -0.324805 0.027227   77488 -0.000007 0.001138 -0.000033
223 103290966370.500000  -0.004203 0.004650 77832  0.000012 0.001191 -0.024562 0.030763  0.963664 -0.080779   77192 0.000017 0.001152 0.000009
224 103297756218.000000  -0.003984 0.004593 77844  -0.000004 0.001222 0.074555 -0.006472  -0.303435 0.025436   77254 -0.000013 0.001185 -0.000016
225 103304546065.500000  -0.004085 0.004559 77844  0.000003 0.001145 -0.018996 -0.031710  0.266820 -0.022366   77306 0.000004 0.001114 0.000006
226 103311335913.000000  -0.004301 0.004098 77845  -0.000008 0.001162 -0.091639 -0.156221  -0.639865 0.053637   77549 0.000000 0.001144 0.000015
227 103318125760.500000  -0.004820 0.004019 77845  -0.000005 0.001152 -0.116702 0.034932  -0.393613 0.032995   77253 0.000004 0.001116 0.000029
228 103324915608.000000  -0.004429 0.004255 77848  -0.000001 0.001202 -0.034211 -0.039751  -0.074288 0.006227   77356 0.000001 0.001171 0.000016
229 103331705455.500000  -0.004609 0.004233 77849  0.000004 0.001125 -0.085459 0.006431  0.345822 -0.028989   77345 0.000012 0.001093 0.000007
230 103338495303.000000  -0.004504 0.005053 77850  -0.000001 0.001144 0.041785 0.142992  -0.064296 0.005390   77258 -0.000005 0.001103 -0.000009
231 103345285150.500000  -0.004467 0.004825 77851  0.000007 0.001187 0.044436 -0.041592  0.569391 -0.047729   77339 0.000004 0.001155 -0.000003
232 103352074998.000000  -0.004839 0.004545 77852  0.000000 0.001161 -0.056632 0.046949  0.026310 -0.002205   77286 0.000010 0.001126 0.000001
233 103358864845.500000  -0.004224 0.004027 77851  0.000007 0.001096 -0.031714 -0.126473  0.555118 -0.046533   77448 0.000009 0.001074 0.000007
234 103365654693.000000  -0.004755 0.004485 77851  -0.000016 0.001220 0.031621 -0.047212  -1.216836 0.102002   77366 -0.000020 0.001189 -0.000013
235 103372444540.500000  -0.004409 0.004682 77854  0.000017 0.001155 0.057114 0.064645  1.318937 -0.110560   77231 0.000010 0.001116 0.000012
236 103379234388.000000  -0.004811 0.003815 77854  -0.000006 0.001141 -0.092439 -0.064317  -0.469328 0.039342   77362 0.000001 0.001112 0.000004
237 103386024235.500000  -0.004713 0.004410 77855  0.000012 0.001180 -0.106805 0.124458  0.913825 -0.076602   77123 0.000024 0.001133 0.000029
238 103392814083.000000  -0.004321 0.004616 77857  0.000011 0.001213 -0.031137 -0.133458  0.840003 -0.070413   77421 0.000010 0.001185 0.000016
239 103399603930.500000  -0.003861 0.004344 77858  -0.000005 0.001111 0.032026 -0.094755  -0.391193 0.032792   77454 -0.000007 0.001089 -0.000007
240 103406393778.000000  -0.004362 0.004032 77860  -0.000012 0.001134 -0.046097 -0.168307  -0.944076 0.079137   77538 -0.000006 0.001114 0.000002
241 103413183625.500000  -0.004720 0.005055 77864  0.000003 0.001102 0.125387 0.126743  0.224444 -0.018814   77279 -0.000008 0.001064 -0.000020
242 103419973473.000000  -0.004129 0.004102 77864  0.000006 0.001180 0.000599 -0.107538  0.466412 -0.039097   77424 0.000006 0.001155 -0.000004
243 103426763320.500000  -0.004781 0.003739 77860  0.000001 0.001102 -0.024953 0.017866  0.075862 -0.006359   77248 0.000002 0.001067 0.000004
244 103433553168.000000  -0.004558 0.004268 77858  0.000012 0.001186 0.036708 -0.092747  0.955258 -0.080075   77476 0.000011 0.001162 -0.000005
245 103440343015.500000  -0.004219 0.005164 77857  0.000017 0.001186 0.095188 0.120605  1.319700 -0.110624   77077 0.000006 0.001137 0.000005
246 103447132863.000000  -0.004392 0.004683 77856  -0.000009 0.001155 -0.000923 -0.090238  -0.676639 0.056719   77483 -0.000011 0.001131 -0.000009
247 103453922710.500000  -0.005377 0.004225 77855  -0.000010 0.001139 -0.021697 0.061762  -0.796678 0.066782   77307 -0.000010 0.001103 0.000002
248 103460712558.000000  -0.004524 0.004376 77855  0.000014 0.001166 -0.044065 -0.011135  1.073832 -0.090014   77342 0.000014 0.001134 0.000027
249 103467502405.500000  -0.004251 0.004512 77857  0.000005 0.001125 -0.087426 0.012412  0.404004 -0.033866   77324 0.000010 0.001092 0.000028
250 103474292253.000000  -0.004355 0.004132 77856  0.000003 0.001151 -0.060398 -0.037581  0.262615 -0.022014   77350 0.000015 0.001120 0.000008
251 103481082100.500000  -0.003862 0.003835 77857  -0.000006 0.001116 -0.042404 -0.145284  -0.500675 0.041969   77519 -0.000002 0.001097 -0.000010
252 103487871948.000000  -0.003887 0.004177 77857  0.000008 0.001139 0.008296 -0.106598  0.623123 -0.052233   77429 0.000005 0.001116 0.000009
253 103494661795.500000  -0.004462 0.004377 77857  -0.000006 0.001131 0.043484 -0.003952  -0.442291 0.037075   77353 -0.000011 0.001099 -0.000018
254 103501451643.000000  -0.003868 0.004055 77858  0.000013 0.001093 -0.032819 -0.063155  0.980836 -0.082219   77323 0.000012 0.001062 0.000034
255 103508241490.500000  -0.004271 0.004696 77859  -0.000022 0.001198 0.023788 0.091422  -1.677962 0.140656   77115 -0.000024 0.001152 -0.000026
256 103515031338.000000  -0.004065 0.004724 77862  -0.000006 0.001121 0.070826 -0.043648  -0.504225 0.042267   77354 -0.000011 0.001091 -0.000020
257 103521821185.500000  -0.004021 0.004548 77868  0.000002 0.001170 -0.071915 -0.110327  0.179229 -0.015024   77507 0.000003 0.001148 0.000033
258 103528611033.000000  -0.004864 0.004545 77875  -0.000008 0.001189 -0.030227 0.116963  -0.617660 0.051776   77115 -0.000007 0.001142 0.000016
259 103535400880.500000  -0.004566 0.004260 77874  -0.000011 0.001169 -0.071260 -0.016496  -0.848571 0.071132   77328 -0.000002 0.001135 0.000001
260 103542190728.000000  -0.003858 0.004237 77874  -0.000011 0.001138 0.005855 -0.047360  -0.894420 0.074975   77362 -0.000013 0.001109 -0.000003
261 103548980575.500000  -0.005005 0.004517 77876  0.000023 0.001195 0.026232 0.036745  1.812613 -0.151943   77291 0.000022 0.001157 0.000013
262 103555770423.000000  -0.004540 0.004167 77873  0.000013 0.001133 0.069427 0.017943  1.039610 -0.087146   77283 0.000011 0.001097 -0.000004
263 103562560270.500000  -0.004338 0.004423 77873  0.000000 0.001111 0.076671 0.208943  0.028638 -0.002401   77033 -0.000009 0.001060 -0.000010
264 103569350118.000000  -0.005515 0.005511 77871  0.000014 0.001164 0.089762 0.344902  1.096069 -0.091878   77162 0.000008 0.001113 -0.000005
265 103576139965.500000  -0.004031 0.005291 77870  -0.000003 0.001169 0.058430 0.003977  -0.195663 0.016402   77267 -0.000006 0.001133 -0.000016
266 103582929813.000000  -0.004235 0.007011 77867  0.000003 0.001179 0.181466 0.561468  0.203213 -0.017034   77135 -0.000013 0.001125 -0.000016
267 103589719660.500000  -0.004205 0.003918 77864  -0.000011 0.001146 -0.054691 -0.051963  -0.873850 0.073251   77337 -0.000007 0.001117 0.000005
268 103596509508.000000  -0.004026 0.004484 77865  0.000011 0.001181 0.039682 -0.098608  0.819857 -0.068725   77386 0.000007 0.001153 0.000001
269 103603299355.500000  -0.004903 0.003771 77867  -0.000006 0.001123 -0.066775 -0.047118  -0.477462 0.040023   77418 -0.000002 0.001097 0.000007
270 103610089203.000000  -0.004527 0.004452 77872  -0.000005 0.001144 -0.033523 -0.041617  -0.395120 0.033121   77354 -0.000003 0.001113 0.000010
271 103616879050.500000  -0.004972 0.003855 77871  -0.000012 0.001129 -0.128499 0.126012  -0.963365 0.080754   77143 0.000001 0.001086 0.000016
272 103623668898.000000  -0.004189 0.004859 77871  -0.000021 0.001222 0.004345 0.021838  -1.596971 0.133867   77250 -0.000020 0.001183 -0.000025
273 103630458745.500000  -0.003690 0.004084 77869  -0.000019 0.001116 -0.018694 -0.041974  -1.509655 0.126547   77314 -0.000022 0.001086 -0.000011
274 103637248593.000000  -0.004839 0.004074 77867  -0.000007 0.001219 -0.078812 -0.035149  -0.543636 0.045570   77349 0.000000 0.001185 0.000005
275 103644038440.500000  -0.004942 0.004737 77868  -0.000022 0.001238 0.005035 0.100743  -1.688103 0.141506   77149 -0.000017 0.001190 -0.000025
276 103650828288.000000  -0.016589 0.010573 77871  -0.000057 0.002780 -0.134200 0.725761  -4.427972 0.371176   77013 -0.000032 0.002626 -0.000083
