# iz z min  max  N  mean sigma skew kurt sum sum  robust[N mean sig med]
1 87523754304.000000  -0.003382 0.003264 89527  0.000005 0.000786 0.012731 -0.000291  0.411695 -0.029693   88935 0.000004 0.000764 0.000002
2 87529596351.000000  -0.002605 0.002728 89538  0.000001 0.000683 0.035479 0.006295  0.110202 -0.007948   88898 -0.000000 0.000663 -0.000004
3 87535438398.000000  -0.003121 0.003147 89535  0.000002 0.000699 0.005730 -0.028821  0.177715 -0.012818   88985 -0.000000 0.000680 0.000001
4 87541280445.000000  -0.002723 0.003043 89527  0.000000 0.000709 0.009741 -0.056883  0.032968 -0.002378   88982 0.000000 0.000692 -0.000002
5 87547122492.000000  -0.003021 0.003185 89533  0.000001 0.000678 -0.038484 0.055799  0.060078 -0.004333   88884 0.000004 0.000657 0.000005
6 87552964539.000000  -0.002738 0.002753 89533  0.000002 0.000656 -0.021729 0.006580  0.181239 -0.013072   88931 0.000003 0.000637 0.000007
7 87558806586.000000  -0.002830 0.002729 89536  0.000001 0.000671 0.034153 0.049475  0.067155 -0.004843   88853 -0.000002 0.000649 -0.000001
8 87564648633.000000  -0.003150 0.002706 89534  0.000000 0.000653 0.015812 0.007764  0.015024 -0.001084   88971 -0.000002 0.000635 -0.000003
9 87570490680.000000  -0.002687 0.002593 89535  -0.000001 0.000630 -0.019425 0.018422  -0.079098 0.005705   88905 -0.000000 0.000612 0.000005
10 87576332727.000000  -0.002864 0.002733 89537  -0.000002 0.000656 0.027913 0.028809  -0.203506 0.014678   88886 -0.000003 0.000636 -0.000005
11 87582174774.000000  -0.002450 0.002499 89537  -0.000001 0.000628 -0.011406 -0.033600  -0.064479 0.004651   88914 -0.000000 0.000611 -0.000002
12 87588016821.000000  -0.002462 0.002533 89530  0.000002 0.000643 -0.018959 -0.017712  0.178449 -0.012870   88916 0.000003 0.000624 0.000005
13 87593858868.000000  -0.002495 0.002990 89532  0.000003 0.000642 0.036020 0.025565  0.258029 -0.018610   88897 0.000001 0.000623 0.000001
14 87599700915.000000  -0.002484 0.002597 89531  -0.000004 0.000646 0.017414 -0.058935  -0.358810 0.025879   88984 -0.000005 0.000630 -0.000005
15 87605542962.000000  -0.002724 0.002681 89530  0.000004 0.000655 0.026232 0.084705  0.318496 -0.022971   88755 0.000002 0.000632 -0.000000
16 87611385009.000000  -0.002489 0.002617 89537  -0.000001 0.000649 0.002744 -0.034093  -0.115920 0.008361   88961 -0.000001 0.000632 -0.000002
17 87617227056.000000  -0.002997 0.002616 89537  -0.000003 0.000639 0.006929 0.061821  -0.288206 0.020787   88816 -0.000004 0.000618 -0.000004
18 87623069103.000000  -0.002581 0.002469 89539  0.000001 0.000645 -0.007460 -0.086371  0.087355 -0.006300   89069 0.000001 0.000630 0.000002
19 87628911150.000000  -0.002946 0.002549 89539  0.000000 0.000644 -0.048500 0.019374  0.033342 -0.002405   88902 0.000002 0.000625 0.000008
20 87634753197.000000  -0.002619 0.002706 89533  0.000001 0.000656 0.049729 -0.039109  0.131588 -0.009491   88932 -0.000001 0.000639 -0.000003
21 87640595244.000000  -0.002780 0.002534 89532  0.000001 0.000645 -0.030934 0.034972  0.046257 -0.003336   88870 0.000002 0.000625 0.000003
22 87646437291.000000  -0.002453 0.002578 89526  -0.000002 0.000652 0.000013 -0.056057  -0.136314 0.009831   88972 -0.000002 0.000635 0.000001
23 87652279338.000000  -0.002477 0.002918 89521  0.000001 0.000634 0.013766 0.075934  0.073010 -0.005266   88773 -0.000000 0.000612 0.000001
24 87658121385.000000  -0.002593 0.002570 89520  0.000002 0.000643 -0.021510 0.008402  0.203222 -0.014657   88870 0.000004 0.000623 0.000003
25 87663963432.000000  -0.002711 0.002832 89517  -0.000001 0.000662 -0.010198 -0.015858  -0.077687 0.005603   88938 -0.000001 0.000644 0.000002
26 87669805479.000000  -0.002648 0.002595 89519  -0.000001 0.000645 0.028906 0.037364  -0.101456 0.007317   88810 -0.000002 0.000624 -0.000005
27 87675647526.000000  -0.002572 0.002851 89512  -0.000000 0.000666 0.020905 -0.018003  -0.016611 0.001198   88927 -0.000001 0.000647 -0.000002
28 87681489573.000000  -0.002833 0.002722 89513  -0.000002 0.000655 -0.031013 0.015183  -0.193081 0.013926   88827 -0.000000 0.000634 0.000003
29 87687331620.000000  -0.003041 0.003100 89516  0.000001 0.000655 0.006587 0.016262  0.073782 -0.005321   88905 -0.000000 0.000636 0.000001
30 87693173667.000000  -0.003127 0.002613 89515  -0.000001 0.000641 0.034791 0.013398  -0.114484 0.008257   88892 -0.000003 0.000622 -0.000005
31 87699015714.000000  -0.002679 0.002851 89512  -0.000001 0.000657 -0.009077 0.014355  -0.102009 0.007357   88878 -0.000001 0.000637 -0.000000
32 87704857761.000000  -0.002767 0.002446 89508  -0.000001 0.000664 -0.011596 -0.054939  -0.049932 0.003601   88950 -0.000000 0.000647 0.000000
33 87710699808.000000  -0.002806 0.002993 89502  0.000001 0.000668 0.007057 -0.001470  0.054056 -0.003899   88846 0.000000 0.000648 0.000000
34 87716541855.000000  -0.002685 0.002640 89501  0.000001 0.000646 -0.009383 -0.031432  0.084773 -0.006114   88930 0.000002 0.000629 -0.000000
35 87722383902.000000  -0.002815 0.002611 89504  0.000003 0.000656 -0.010224 0.001832  0.294214 -0.021220   88870 0.000003 0.000636 0.000006
36 87728225949.000000  -0.002902 0.002803 89505  -0.000001 0.000651 0.021226 0.039033  -0.076521 0.005519   88840 -0.000001 0.000631 -0.000005
37 87734067996.000000  -0.002533 0.002919 89499  -0.000000 0.000640 0.039039 0.042674  -0.005934 0.000428   88783 -0.000003 0.000618 -0.000004
38 87739910043.000000  -0.003117 0.002699 89503  -0.000000 0.000640 0.013421 -0.078366  -0.008768 0.000632   89026 0.000000 0.000625 -0.000003
39 87745752090.000000  -0.002969 0.002816 89501  -0.000001 0.000634 -0.001916 0.087868  -0.120103 0.008662   88799 -0.000001 0.000613 0.000002
40 87751594137.000000  -0.002937 0.002496 89505  -0.000001 0.000648 -0.004626 0.034300  -0.047479 0.003424   88819 -0.000000 0.000627 -0.000001
41 87757436184.000000  -0.002594 0.003316 89508  -0.000001 0.000653 0.038278 0.041199  -0.092970 0.006705   88850 -0.000003 0.000633 -0.000006
42 87763278231.000000  -0.002934 0.003737 89506  -0.000001 0.000642 0.043340 0.093209  -0.123135 0.008881   88934 -0.000003 0.000623 -0.000005
43 87769120278.000000  -0.003209 0.005179 89505  -0.000002 0.000668 0.063156 0.345278  -0.216133 0.015588   88769 -0.000004 0.000643 -0.000006
44 87774962325.000000  -0.002933 0.003446 89507  0.000000 0.000663 0.018768 0.036296  0.032708 -0.002359   88886 -0.000001 0.000643 -0.000001
45 87780804372.000000  -0.002558 0.003067 89502  0.000001 0.000653 0.024530 -0.001448  0.132415 -0.009550   88859 0.000001 0.000634 -0.000007
46 87786646419.000000  -0.002705 0.002900 89500  -0.000000 0.000648 0.007698 -0.019722  -0.029262 0.002110   88934 -0.000000 0.000631 -0.000002
47 87792488466.000000  -0.002704 0.003739 89499  -0.000002 0.000662 -0.018772 0.097492  -0.157044 0.011327   88806 -0.000001 0.000640 0.000003
48 87798330513.000000  -0.002743 0.007645 89498  -0.000000 0.000664 0.178627 1.395054  -0.012755 0.000920   88744 -0.000002 0.000635 -0.000003
49 87804172560.000000  -0.002542 0.006357 89497  -0.000001 0.000670 0.167907 0.820901  -0.055182 0.003980   88916 -0.000005 0.000647 -0.000007
50 87810014607.000000  -0.002470 0.005392 89503  0.000001 0.000642 0.093185 0.406702  0.046688 -0.003367   88855 -0.000003 0.000619 -0.000004
51 87815856654.000000  -0.002540 0.003132 89504  0.000001 0.000675 0.093887 0.119441  0.052651 -0.003797   88710 -0.000004 0.000650 -0.000008
52 87821698701.000000  -0.002762 0.012085 89507  0.000003 0.000761 1.159122 11.382045  0.299684 -0.021614   88491 -0.000012 0.000687 -0.000020
53 87827540748.000000  -0.004080 0.028246 89511  0.000026 0.001057 7.948202 147.404675  2.339747 -0.168752   88460 -0.000020 0.000733 -0.000028
54 87833382795.000000  -0.004078 0.031081 89513  0.000037 0.001170 7.925071 138.425409  3.317562 -0.239276   88152 -0.000020 0.000769 -0.000023
55 87839224842.000000  -0.003576 0.041024 89510  0.000039 0.001284 10.470549 220.358538  3.517729 -0.253713   88297 -0.000022 0.000793 -0.000029
56 87845066889.000000  -0.003172 0.029161 89515  0.000027 0.001068 8.172568 154.098809  2.424329 -0.174852   88480 -0.000013 0.000735 -0.000010
57 87850908936.000000  -0.002798 0.013512 89517  0.000006 0.000784 1.596673 18.419180  0.494369 -0.035656   88568 -0.000012 0.000696 -0.000014
58 87856750983.000000  -0.002866 0.013084 89512  -0.000000 0.000756 1.267809 14.660223  -0.018475 0.001333   88674 -0.000014 0.000688 -0.000016
59 87862593030.000000  -0.003292 0.024788 89518  0.000011 0.000844 5.542288 115.519301  0.970858 -0.070022   88587 -0.000012 0.000677 -0.000012
60 87868435077.000000  -0.002743 0.026788 89525  0.000024 0.000960 6.776925 120.676811  2.172118 -0.156662   88568 -0.000011 0.000702 -0.000006
61 87874277124.000000  -0.002748 0.023441 89525  0.000014 0.000823 4.419283 83.866263  1.236603 -0.089189   88694 -0.000008 0.000679 -0.000009
62 87880119171.000000  -0.002792 0.021003 89536  0.000005 0.000805 2.712356 49.822221  0.460077 -0.033183   88758 -0.000010 0.000710 -0.000007
63 87885961218.000000  -0.003036 0.005084 89518  -0.000002 0.000706 0.077832 0.581300  -0.221330 0.015963   88614 -0.000005 0.000672 -0.000004
64 87891803265.000000  -0.002680 0.004342 89521  -0.000001 0.000674 0.056312 0.203487  -0.122578 0.008841   88845 -0.000004 0.000651 -0.000001
65 87897645312.000000  -0.002523 0.002753 89515  -0.000003 0.000640 0.040268 -0.040943  -0.253323 0.018271   88923 -0.000005 0.000623 -0.000007
66 87903487359.000000  -0.002863 0.002507 89510  0.000002 0.000640 -0.012656 0.031583  0.196021 -0.014138   88808 0.000003 0.000619 0.000006
67 87909329406.000000  -0.002438 0.002909 89512  -0.000003 0.000628 0.018981 -0.049757  -0.277289 0.019999   88984 -0.000004 0.000613 -0.000003
68 87915171453.000000  -0.002755 0.002584 89516  0.000001 0.000625 -0.034227 -0.037606  0.074123 -0.005346   88982 0.000002 0.000610 0.000007
69 87921013500.000000  -0.002445 0.002558 89515  0.000000 0.000620 -0.013010 -0.017139  0.037569 -0.002710   88901 -0.000000 0.000603 0.000003
70 87926855547.000000  -0.002497 0.002754 89503  -0.000001 0.000620 0.004337 -0.027343  -0.097612 0.007040   88934 -0.000001 0.000604 -0.000002
71 87932697594.000000  -0.002655 0.002770 89505  0.000001 0.000627 0.039940 0.032465  0.131426 -0.009479   88829 -0.000001 0.000607 -0.000002
72 87938539641.000000  -0.002563 0.002597 89507  -0.000004 0.000636 -0.007738 -0.040811  -0.313831 0.022635   88935 -0.000003 0.000619 -0.000003
73 87944381688.000000  -0.002867 0.003019 89508  -0.000002 0.000627 0.009525 0.072460  -0.159930 0.011535   88792 -0.000004 0.000606 -0.000002
74 87950223735.000000  -0.002636 0.002473 89514  -0.000001 0.000639 0.001620 -0.017716  -0.046652 0.003365   88869 -0.000001 0.000620 0.000001
75 87956065782.000000  -0.003147 0.002660 89514  0.000002 0.000648 0.020848 -0.021720  0.202290 -0.014590   88878 0.000002 0.000629 -0.000001
76 87961907829.000000  -0.003067 0.002713 89517  -0.000001 0.000636 -0.030154 -0.002409  -0.104911 0.007567   88915 0.000000 0.000618 0.000002
77 87967749876.000000  -0.002633 0.002915 89518  0.000001 0.000612 0.006095 0.081504  0.067813 -0.004891   88798 0.000000 0.000591 -0.000004
78 87973591923.000000  -0.002624 0.002648 89524  -0.000000 0.000623 -0.023087 0.010555  -0.010053 0.000725   88861 0.000002 0.000604 0.000001
79 87979433970.000000  -0.002527 0.002679 89523  0.000002 0.000617 0.012277 0.042290  0.195392 -0.014092   88824 0.000002 0.000597 0.000002
80 87985276017.000000  -0.002226 0.002858 89518  0.000004 0.000607 0.005968 -0.073516  0.363704 -0.026232   89015 0.000004 0.000593 0.000002
81 87991118064.000000  -0.002600 0.002523 89512  -0.000001 0.000617 0.028751 -0.076025  -0.067019 0.004834   88990 -0.000000 0.000602 -0.000005
82 87996960111.000000  -0.002599 0.002604 89509  -0.000001 0.000620 -0.035396 -0.035477  -0.114899 0.008287   88931 -0.000001 0.000604 0.000004
83 88002802158.000000  -0.003016 0.002914 89509  0.000002 0.000610 -0.009070 0.018066  0.180543 -0.013021   88902 0.000003 0.000592 0.000002
84 88008644205.000000  -0.002606 0.002450 89508  0.000003 0.000618 -0.000753 -0.010178  0.256045 -0.018467   88870 0.000003 0.000600 0.000002
85 88014486252.000000  -0.002609 0.002636 89517  -0.000000 0.000623 -0.005067 -0.028087  -0.037238 0.002686   88913 0.000000 0.000606 -0.000004
86 88020328299.000000  -0.002918 0.002854 89518  -0.000003 0.000635 -0.053189 0.043220  -0.236825 0.017081   88863 -0.000000 0.000615 0.000004
87 88026170346.000000  -0.002571 0.003080 89516  -0.000003 0.000622 0.042211 0.055454  -0.241689 0.017432   88844 -0.000005 0.000602 -0.000009
88 88032012393.000000  -0.002423 0.002810 89513  0.000001 0.000617 0.001567 -0.017582  0.059665 -0.004303   88905 -0.000000 0.000600 0.000005
89 88037854440.000000  -0.002718 0.002354 89517  0.000005 0.000623 0.012196 0.023767  0.448636 -0.032357   88853 0.000004 0.000604 0.000004
90 88043696487.000000  -0.002651 0.002648 89522  -0.000000 0.000643 0.012525 -0.017267  -0.000537 0.000039   88930 0.000000 0.000626 -0.000000
91 88049538534.000000  -0.002423 0.002570 89521  0.000001 0.000617 0.046144 0.001413  0.117289 -0.008459   88907 -0.000000 0.000599 -0.000005
92 88055380581.000000  -0.002515 0.003112 89520  -0.000003 0.000624 -0.000455 0.010329  -0.229903 0.016582   88910 -0.000002 0.000606 0.000000
93 88061222628.000000  -0.002575 0.002739 89519  -0.000001 0.000608 0.014483 0.014342  -0.098815 0.007127   88903 -0.000002 0.000591 -0.000005
94 88067064675.000000  -0.002488 0.002476 89510  -0.000002 0.000624 0.003349 0.091454  -0.178270 0.012858   88703 -0.000003 0.000601 -0.000003
95 88072906722.000000  -0.002387 0.002653 89512  -0.000003 0.000605 0.007627 0.001033  -0.276628 0.019952   88878 -0.000003 0.000587 -0.000004
96 88078748769.000000  -0.002737 0.002619 89509  0.000002 0.000627 -0.039798 -0.014696  0.188616 -0.013604   88873 0.000004 0.000609 0.000010
97 88084590816.000000  -0.002781 0.002498 89505  0.000002 0.000648 -0.009728 -0.042132  0.141838 -0.010230   88945 0.000002 0.000631 0.000004
98 88090432863.000000  -0.002454 0.002313 89506  0.000000 0.000610 -0.012998 -0.031619  0.003433 -0.000248   88860 0.000001 0.000593 0.000002
99 88096274910.000000  -0.002636 0.003197 89502  -0.000001 0.000613 -0.002967 0.113010  -0.103342 0.007453   88748 -0.000001 0.000591 -0.000001
100 88102116957.000000  -0.002452 0.002525 89499  -0.000001 0.000608 0.027358 0.032405  -0.100536 0.007251   88841 -0.000002 0.000589 -0.000006
101 88107959004.000000  -0.002468 0.003034 89494  0.000002 0.000610 0.012768 -0.000925  0.152697 -0.011013   88894 0.000001 0.000593 0.000001
102 88113801051.000000  -0.002730 0.002402 89496  -0.000001 0.000609 0.006043 0.013086  -0.050732 0.003659   88835 -0.000001 0.000590 -0.000003
103 88119643098.000000  -0.002828 0.002551 89496  -0.000001 0.000639 0.022843 -0.024972  -0.113936 0.008217   88900 -0.000002 0.000621 -0.000003
104 88125485145.000000  -0.002735 0.002774 89494  -0.000000 0.000621 0.018339 0.050321  -0.013466 0.000971   88739 -0.000001 0.000599 -0.000004
105 88131327192.000000  -0.002452 0.002448 89491  -0.000003 0.000623 0.004843 -0.036471  -0.228201 0.016459   88920 -0.000002 0.000606 -0.000004
106 88137169239.000000  -0.002539 0.002753 89489  -0.000001 0.000623 0.004288 -0.005711  -0.133234 0.009609   88869 -0.000001 0.000605 -0.000000
107 88143011286.000000  -0.002295 0.002622 89492  0.000000 0.000610 -0.002382 0.006909  0.013977 -0.001008   88844 0.000001 0.000592 -0.000001
108 88148853333.000000  -0.002568 0.002370 89489  0.000003 0.000626 -0.033403 -0.014414  0.247295 -0.017836   88868 0.000006 0.000608 0.000004
109 88154695380.000000  -0.002339 0.002545 89491  -0.000002 0.000602 0.012157 -0.021592  -0.145528 0.010496   88909 -0.000002 0.000585 -0.000004
110 88160537427.000000  -0.002598 0.002408 89488  -0.000001 0.000607 -0.005689 0.001433  -0.120530 0.008693   88850 -0.000000 0.000590 -0.000002
111 88166379474.000000  -0.002469 0.003100 89492  0.000001 0.000631 0.067849 0.107646  0.053935 -0.003890   88764 -0.000004 0.000609 -0.000005
112 88172221521.000000  -0.002857 0.002419 89489  0.000003 0.000612 0.007228 -0.021773  0.305099 -0.022005   88880 0.000003 0.000595 -0.000002
113 88178063568.000000  -0.002471 0.002716 89490  0.000002 0.000625 -0.015095 0.009817  0.183494 -0.013234   88861 0.000003 0.000607 0.000008
114 88183905615.000000  -0.002415 0.002577 89492  0.000000 0.000608 0.038429 -0.020900  0.017062 -0.001231   88918 -0.000001 0.000592 -0.000003
115 88189747662.000000  -0.002877 0.002484 89497  -0.000001 0.000617 -0.021103 -0.041947  -0.125562 0.009056   88904 -0.000000 0.000600 -0.000003
116 88195589709.000000  -0.002287 0.002517 89501  0.000001 0.000633 0.006190 -0.030657  0.072640 -0.005239   88912 -0.000000 0.000616 0.000003
117 88201431756.000000  -0.002487 0.002556 89500  0.000000 0.000635 0.015398 0.018870  0.030625 -0.002209   88828 -0.000000 0.000615 -0.000000
118 88207273803.000000  -0.003287 0.002777 89498  0.000000 0.000637 -0.035395 0.034639  0.012243 -0.000883   88872 0.000002 0.000618 0.000005
119 88213115850.000000  -0.002607 0.002813 89502  0.000003 0.000663 -0.026082 0.007195  0.252415 -0.018205   88875 0.000004 0.000643 0.000006
120 88218957897.000000  -0.002736 0.002591 89498  0.000000 0.000629 0.000465 0.077836  0.032700 -0.002358   88742 0.000000 0.000607 -0.000001
121 88224799944.000000  -0.002640 0.002765 89490  -0.000000 0.000633 -0.014856 -0.004048  -0.019898 0.001435   88882 0.000001 0.000615 -0.000001
122 88230641991.000000  -0.002756 0.002780 89489  -0.000002 0.000617 -0.002634 0.032272  -0.162518 0.011721   88802 -0.000001 0.000597 -0.000000
123 88236484038.000000  -0.002730 0.003032 89490  -0.000005 0.000640 0.026548 -0.002984  -0.403732 0.029119   88910 -0.000005 0.000622 -0.000008
124 88242326085.000000  -0.002678 0.002695 89491  -0.000001 0.000627 -0.031981 0.025030  -0.085645 0.006177   88828 0.000000 0.000607 0.000003
125 88248168132.000000  -0.002696 0.002652 89491  -0.000001 0.000651 -0.016471 -0.004238  -0.045356 0.003271   88875 -0.000000 0.000632 0.000002
126 88254010179.000000  -0.003345 0.002931 89489  -0.000001 0.000620 0.011021 0.051105  -0.128698 0.009282   88813 -0.000003 0.000600 -0.000002
127 88259852226.000000  -0.003173 0.002574 89487  -0.000000 0.000644 -0.010487 -0.046489  -0.023566 0.001700   88993 0.000000 0.000628 0.000000
128 88265694273.000000  -0.002342 0.002651 89487  0.000002 0.000614 -0.026549 -0.044719  0.186543 -0.013454   88938 0.000003 0.000599 0.000007
129 88271536320.000000  -0.002865 0.002662 89486  -0.000004 0.000629 -0.038327 0.037912  -0.368490 0.026577   88787 -0.000001 0.000609 -0.000001
130 88277378367.000000  -0.002849 0.002672 89492  -0.000000 0.000623 -0.053647 0.001793  -0.002814 0.000203   88858 0.000002 0.000605 0.000008
131 88283220414.000000  -0.002554 0.002827 89494  -0.000001 0.000616 0.027271 -0.022234  -0.118431 0.008542   88935 -0.000002 0.000600 -0.000003
132 88289062461.000000  -0.002707 0.002402 89487  -0.000001 0.000647 0.026877 -0.053021  -0.069351 0.005002   88932 -0.000002 0.000630 -0.000004
133 88294904508.000000  -0.002485 0.002462 89480  0.000001 0.000630 -0.003926 0.009081  0.118912 -0.008576   88823 0.000001 0.000611 0.000002
134 88300746555.000000  -0.002358 0.002780 89477  0.000003 0.000634 -0.002525 0.005862  0.261888 -0.018888   88847 0.000002 0.000616 0.000003
135 88306588602.000000  -0.002456 0.002612 89481  -0.000001 0.000615 0.012750 0.012180  -0.072888 0.005257   88827 -0.000001 0.000597 -0.000005
136 88312430649.000000  -0.002947 0.002991 89483  -0.000002 0.000619 0.026031 0.013209  -0.192877 0.013911   88924 -0.000004 0.000603 -0.000005
137 88318272696.000000  -0.002860 0.002812 89483  -0.000003 0.000642 -0.009951 0.015698  -0.264978 0.019111   88842 -0.000004 0.000623 -0.000001
138 88324114743.000000  -0.002951 0.002681 89479  -0.000001 0.000634 0.012093 0.044962  -0.097181 0.007009   88825 -0.000001 0.000614 -0.000004
139 88329956790.000000  -0.002603 0.002524 89484  0.000000 0.000634 -0.001872 -0.072715  0.002132 -0.000154   88975 0.000000 0.000619 0.000002
140 88335798837.000000  -0.002630 0.004109 89486  0.000001 0.000639 0.040874 0.223712  0.059426 -0.004286   88785 0.000000 0.000616 -0.000004
141 88341640884.000000  -0.002587 0.003596 89493  0.000000 0.000626 0.029909 0.067191  0.004308 -0.000311   88850 -0.000002 0.000606 -0.000000
142 88347482931.000000  -0.002712 0.002616 89492  0.000003 0.000641 0.028219 -0.015778  0.288148 -0.020782   88850 0.000002 0.000623 -0.000002
143 88353324978.000000  -0.002561 0.003197 89491  -0.000000 0.000639 0.054988 0.126086  -0.040336 0.002909   88807 -0.000003 0.000617 -0.000004
144 88359167025.000000  -0.002807 0.003876 89492  -0.000005 0.000644 0.018314 0.101848  -0.459733 0.033158   88826 -0.000005 0.000624 -0.000009
145 88365009072.000000  -0.002523 0.002691 89484  0.000001 0.000622 0.078267 0.052708  0.078354 -0.005651   88781 -0.000003 0.000601 -0.000010
146 88370851119.000000  -0.002649 0.003052 89486  0.000000 0.000632 0.040283 0.056966  0.042739 -0.003082   88770 -0.000001 0.000611 -0.000005
147 88376693166.000000  -0.002534 0.002378 89485  0.000002 0.000609 0.008457 -0.024170  0.179052 -0.012914   88880 0.000002 0.000592 -0.000001
148 88382535213.000000  -0.002564 0.002669 89489  -0.000000 0.000630 -0.011499 0.013785  -0.012621 0.000910   88804 0.000000 0.000610 0.000000
149 88388377260.000000  -0.003021 0.002764 89487  0.000003 0.000632 -0.010824 0.042062  0.235701 -0.017000   88788 0.000003 0.000612 0.000004
150 88394219307.000000  -0.002490 0.002526 89491  0.000000 0.000643 -0.008371 -0.083490  0.025103 -0.001810   88987 0.000001 0.000629 0.000002
151 88400061354.000000  -0.002944 0.002712 89495  0.000001 0.000639 -0.013042 -0.019863  0.061456 -0.004432   88896 0.000001 0.000621 -0.000001
152 88405903401.000000  -0.002607 0.002443 89487  -0.000000 0.000617 -0.015887 0.026994  -0.007598 0.000548   88838 0.000001 0.000598 0.000001
153 88411745448.000000  -0.002465 0.003181 89483  -0.000003 0.000633 -0.018317 0.021108  -0.238570 0.017207   88833 -0.000002 0.000614 0.000001
154 88417587495.000000  -0.002656 0.002491 89479  -0.000002 0.000632 0.000687 -0.032873  -0.164415 0.011858   88900 -0.000002 0.000615 -0.000000
155 88423429542.000000  -0.002467 0.002602 89483  -0.000003 0.000635 -0.015654 -0.027365  -0.310466 0.022392   88863 -0.000003 0.000618 0.000000
156 88429271589.000000  -0.002699 0.002930 89484  0.000000 0.000635 -0.006973 -0.009743  0.022053 -0.001591   88929 0.000000 0.000619 -0.000000
157 88435113636.000000  -0.002910 0.002738 89480  0.000000 0.000649 -0.026447 0.032093  0.001390 -0.000100   88781 0.000001 0.000629 0.000005
158 88440955683.000000  -0.002553 0.002511 89484  0.000003 0.000615 -0.021377 0.060884  0.279610 -0.020167   88738 0.000004 0.000594 0.000005
159 88446797730.000000  -0.003091 0.002829 89480  0.000000 0.000626 -0.002166 -0.025327  0.011119 -0.000802   88922 0.000000 0.000610 0.000001
160 88452639777.000000  -0.002567 0.002691 89482  0.000003 0.000629 0.019105 -0.029987  0.280108 -0.020202   88909 0.000002 0.000613 0.000001
161 88458481824.000000  -0.002547 0.003209 89486  -0.000002 0.000630 -0.001924 0.105456  -0.208127 0.015011   88706 -0.000002 0.000607 -0.000002
162 88464323871.000000  -0.002618 0.002463 89485  -0.000001 0.000637 0.017274 -0.058317  -0.067794 0.004890   88961 -0.000002 0.000621 -0.000006
163 88470165918.000000  -0.002732 0.002646 89486  0.000001 0.000621 -0.020005 0.032920  0.070154 -0.005060   88772 0.000000 0.000601 0.000004
164 88476007965.000000  -0.002695 0.002542 89486  -0.000002 0.000632 -0.023660 0.027234  -0.172445 0.012437   88815 -0.000001 0.000612 0.000002
165 88481850012.000000  -0.002538 0.002464 89484  -0.000003 0.000629 0.031214 -0.006534  -0.262065 0.018901   88866 -0.000003 0.000611 -0.000010
166 88487692059.000000  -0.003097 0.002593 89491  0.000001 0.000623 0.029592 0.043994  0.079914 -0.005764   88804 0.000000 0.000603 -0.000003
167 88493534106.000000  -0.002630 0.002892 89495  0.000000 0.000650 0.020175 -0.006328  0.016334 -0.001178   88850 -0.000001 0.000631 -0.000005
168 88499376153.000000  -0.002614 0.005317 89496  0.000004 0.000669 0.102634 0.509764  0.372688 -0.026880   88815 -0.000000 0.000644 0.000004
169 88505218200.000000  -0.002846 0.006497 89499  0.000005 0.000780 0.414066 2.129256  0.408888 -0.029491   88438 -0.000010 0.000721 -0.000009
170 88511060247.000000  -0.004700 0.016311 89498  0.000025 0.001116 2.003327 18.587536  2.219790 -0.160100   87535 -0.000012 0.000895 -0.000007
171 88516902294.000000  -0.005787 0.031421 89500  0.000052 0.001513 4.424793 55.454572  4.657848 -0.335943   87416 -0.000021 0.001065 -0.000002
172 88522744341.000000  -0.007208 0.038957 89496  0.000085 0.002001 5.692238 71.361219  7.631071 -0.550384   87537 -0.000019 0.001277 0.000011
173 88528586388.000000  -0.010958 0.059689 89500  0.000147 0.002763 6.463150 77.415526  13.121026 -0.946341   86805 -0.000019 0.001516 0.000022
174 88534428435.000000  -0.010544 0.078393 89503  0.000184 0.003550 6.994739 90.969872  16.450651 -1.186487   86750 -0.000049 0.001895 -0.000005
175 88540270482.000000  -0.011428 0.124908 89502  0.000237 0.004461 10.348785 183.879301  21.256105 -1.533076   86899 -0.000051 0.002073 -0.000007
176 88546112529.000000  -0.010287 0.128166 89500  0.000254 0.004861 12.564701 227.339560  22.704481 -1.637539   86711 -0.000048 0.001928 -0.000002
177 88551954576.000000  -0.012306 0.182993 89495  0.000242 0.005198 18.509421 485.367221  21.686009 -1.564083   86575 -0.000035 0.001789 -0.000013
178 88557796623.000000  -0.014490 0.168300 89498  0.000205 0.004548 17.441240 462.640114  18.339999 -1.322755   86788 -0.000059 0.001738 -0.000064
179 88563638670.000000  -0.011192 0.110116 89506  0.000201 0.003791 12.027558 218.397796  18.017275 -1.299479   86702 -0.000060 0.001559 -0.000055
180 88569480717.000000  -0.008745 0.192351 89503  0.000246 0.004437 18.209671 491.463298  22.000234 -1.586746   87348 -0.000045 0.001395 -0.000033
181 88575322764.000000  -0.007484 0.151237 89504  0.000255 0.004392 17.810133 423.517911  22.804871 -1.644779   87387 -0.000026 0.001259 -0.000040
182 88581164811.000000  -0.006630 0.170791 89505  0.000223 0.004163 18.729082 498.682575  19.927999 -1.437288   87115 -0.000033 0.001270 -0.000049
183 88587006858.000000  -0.005812 0.111056 89510  0.000188 0.003694 15.402612 318.525369  16.828980 -1.213774   87180 -0.000050 0.001296 -0.000062
184 88592848905.000000  -0.005106 0.080261 89510  0.000130 0.002723 13.850532 284.092367  11.608843 -0.837277   87377 -0.000042 0.001177 -0.000039
185 88598690952.000000  -0.005057 0.043530 89505  0.000072 0.001804 9.942505 171.129926  6.417413 -0.462850   87795 -0.000029 0.001020 -0.000037
186 88604532999.000000  -0.003620 0.044806 89503  0.000040 0.001413 10.306505 227.599494  3.570725 -0.257535   87953 -0.000024 0.000899 -0.000020
187 88610375046.000000  -0.003147 0.024578 89497  0.000009 0.000904 4.090913 79.280382  0.781431 -0.056360   88272 -0.000014 0.000749 -0.000017
188 88616217093.000000  -0.003103 0.008773 89505  0.000004 0.000704 0.405228 3.445575  0.379695 -0.027385   88662 -0.000003 0.000663 -0.000004
189 88622059140.000000  -0.002836 0.002729 89504  -0.000002 0.000634 -0.004125 0.096864  -0.161383 0.011640   88751 -0.000001 0.000612 -0.000005
190 88627901187.000000  -0.002920 0.002372 89513  0.000001 0.000643 -0.015493 0.026401  0.115056 -0.008298   88834 0.000002 0.000623 0.000003
191 88633743234.000000  -0.002723 0.002680 89523  0.000001 0.000635 0.004421 0.029479  0.070123 -0.005058   88841 0.000001 0.000615 -0.000004
192 88639585281.000000  -0.002592 0.002535 89522  0.000000 0.000633 0.020057 0.033620  0.042134 -0.003039   88779 -0.000001 0.000611 -0.000001
193 88645427328.000000  -0.002434 0.002618 89523  0.000001 0.000621 0.036077 0.031275  0.091947 -0.006632   88814 -0.000002 0.000600 -0.000001
194 88651269375.000000  -0.002429 0.002484 89519  -0.000001 0.000622 -0.028508 -0.053306  -0.086763 0.006258   88967 0.000001 0.000607 0.000003
195 88657111422.000000  -0.002574 0.002682 89522  0.000001 0.000624 0.015325 0.034773  0.089657 -0.006466   88765 -0.000000 0.000603 0.000002
196 88662953469.000000  -0.002408 0.002527 89517  0.000001 0.000621 0.030589 -0.015882  0.116845 -0.008427   88877 -0.000001 0.000604 -0.000002
197 88668795516.000000  -0.002810 0.002489 89517  -0.000001 0.000643 -0.024567 -0.035917  -0.099342 0.007165   88955 -0.000000 0.000627 0.000002
198 88674637563.000000  -0.002637 0.002712 89526  -0.000001 0.000624 0.030533 0.027438  -0.105328 0.007597   88833 -0.000003 0.000604 -0.000006
199 88680479610.000000  -0.002572 0.002874 89530  0.000000 0.000644 0.027135 0.125278  0.023017 -0.001660   88686 -0.000002 0.000619 -0.000004
200 88686321657.000000  -0.002489 0.002399 89528  -0.000001 0.000619 -0.017792 -0.058022  -0.064633 0.004662   88961 -0.000001 0.000603 0.000000
201 88692163704.000000  -0.002778 0.002812 89523  -0.000007 0.000632 0.002008 0.072376  -0.586567 0.042306   88803 -0.000008 0.000611 -0.000007
202 88698005751.000000  -0.002520 0.002550 89525  0.000001 0.000612 0.028750 -0.055166  0.115808 -0.008353   88991 0.000000 0.000597 -0.000002
203 88703847798.000000  -0.002510 0.002860 89524  0.000001 0.000609 0.040957 0.114589  0.063728 -0.004596   88749 -0.000002 0.000587 -0.000000
204 88709689845.000000  -0.002913 0.002681 89524  0.000001 0.000636 -0.004937 0.025153  0.082895 -0.005979   88869 0.000002 0.000616 0.000002
205 88715531892.000000  -0.002713 0.002848 89521  -0.000001 0.000654 0.014390 -0.024373  -0.051619 0.003723   88940 -0.000001 0.000636 -0.000001
206 88721373939.000000  -0.002450 0.002813 89523  0.000002 0.000629 0.017716 0.023585  0.151973 -0.010961   88865 0.000000 0.000610 0.000000
207 88727215986.000000  -0.002440 0.002631 89532  0.000004 0.000628 -0.005612 -0.020906  0.332957 -0.024014   88923 0.000004 0.000611 0.000003
208 88733058033.000000  -0.003118 0.002657 89536  0.000001 0.000650 -0.010431 -0.013276  0.064050 -0.004620   88951 0.000001 0.000632 0.000002
209 88738900080.000000  -0.002636 0.002902 89531  -0.000000 0.000637 -0.004782 0.015565  -0.036832 0.002656   88885 0.000000 0.000617 0.000000
210 88744742127.000000  -0.002485 0.002640 89527  -0.000000 0.000632 -0.002848 -0.020510  -0.021403 0.001544   88897 -0.000001 0.000614 0.000002
211 88750584174.000000  -0.002585 0.002671 89530  -0.000001 0.000641 0.014986 -0.043224  -0.048357 0.003488   88963 -0.000001 0.000624 -0.000004
212 88756426221.000000  -0.002633 0.003092 89540  -0.000002 0.000620 -0.007140 0.022119  -0.204005 0.014714   88862 -0.000001 0.000601 -0.000004
213 88762268268.000000  -0.002480 0.002477 89545  0.000000 0.000619 0.024844 0.021736  0.037123 -0.002677   88851 -0.000001 0.000600 -0.000001
214 88768110315.000000  -0.002497 0.002862 89543  0.000002 0.000630 -0.022850 -0.048919  0.142623 -0.010287   89003 0.000002 0.000614 0.000005
215 88773952362.000000  -0.002559 0.002568 89542  -0.000001 0.000642 0.008397 0.009838  -0.112022 0.008079   88905 -0.000002 0.000623 -0.000004
216 88779794409.000000  -0.002827 0.002848 89542  0.000001 0.000632 0.043348 0.051141  0.057381 -0.004139   88842 -0.000002 0.000611 -0.000004
217 88785636456.000000  -0.002543 0.002564 89549  -0.000000 0.000624 -0.031329 0.033110  -0.000093 0.000007   88876 0.000001 0.000605 0.000002
218 88791478503.000000  -0.002911 0.002772 89548  0.000002 0.000642 0.006085 0.080257  0.136831 -0.009869   88832 0.000001 0.000620 -0.000000
219 88797320550.000000  -0.002477 0.002648 89545  0.000000 0.000630 -0.018653 -0.080923  0.023452 -0.001691   89043 0.000001 0.000616 0.000005
220 88803162597.000000  -0.002692 0.002535 89539  -0.000003 0.000636 -0.003244 -0.016717  -0.278075 0.020056   88944 -0.000003 0.000619 -0.000001
221 88809004644.000000  -0.002571 0.002725 89544  0.000002 0.000632 0.032530 -0.035167  0.166405 -0.012002   89026 0.000001 0.000617 -0.000002
222 88814846691.000000  -0.002725 0.002370 89548  -0.000003 0.000629 0.010628 -0.007689  -0.243432 0.017557   88900 -0.000004 0.000610 -0.000003
223 88820688738.000000  -0.003041 0.002717 89540  -0.000004 0.000626 0.008196 0.040601  -0.346054 0.024959   88891 -0.000005 0.000607 -0.000004
224 88826530785.000000  -0.002417 0.002597 89537  0.000005 0.000634 -0.006077 -0.006419  0.487553 -0.035164   88910 0.000004 0.000616 0.000013
225 88832372832.000000  -0.002574 0.002579 89537  0.000001 0.000637 0.024846 -0.000961  0.114085 -0.008228   88917 0.000001 0.000618 -0.000005
226 88838214879.000000  -0.002700 0.002478 89535  0.000000 0.000629 0.007597 -0.013609  0.026107 -0.001883   88928 0.000000 0.000611 -0.000001
227 88844056926.000000  -0.002643 0.002601 89539  0.000001 0.000630 -0.013214 0.030748  0.055920 -0.004033   88837 0.000002 0.000610 0.000001
228 88849898973.000000  -0.002945 0.002415 89535  -0.000001 0.000638 0.019385 -0.016974  -0.110480 0.007968   88935 -0.000001 0.000620 -0.000005
229 88855741020.000000  -0.002535 0.003100 89538  -0.000001 0.000630 0.025447 0.025595  -0.094306 0.006802   88909 -0.000001 0.000611 -0.000005
230 88861583067.000000  -0.002358 0.002661 89537  0.000002 0.000620 -0.003988 0.004377  0.178811 -0.012897   88887 0.000001 0.000601 0.000004
231 88867425114.000000  -0.002545 0.002640 89535  -0.000002 0.000619 -0.003582 0.013344  -0.139075 0.010031   88853 -0.000002 0.000600 -0.000000
232 88873267161.000000  -0.002620 0.002401 89536  0.000002 0.000620 0.002181 -0.040870  0.179862 -0.012972   88933 0.000002 0.000603 0.000000
233 88879109208.000000  -0.002990 0.002788 89526  0.000004 0.000629 -0.015302 0.034517  0.395720 -0.028541   88885 0.000006 0.000610 0.000008
234 88884951255.000000  -0.003022 0.002991 89533  -0.000003 0.000654 0.031372 -0.058300  -0.232663 0.016781   89007 -0.000004 0.000638 -0.000007
235 88890793302.000000  -0.002584 0.002549 89541  -0.000001 0.000645 -0.032764 -0.038796  -0.108929 0.007856   88983 0.000000 0.000628 0.000003
236 88896635349.000000  -0.002654 0.002550 89544  -0.000004 0.000638 0.014068 0.005502  -0.335885 0.024225   88926 -0.000005 0.000619 -0.000005
237 88902477396.000000  -0.002505 0.002612 89544  -0.000003 0.000632 0.014487 -0.009835  -0.284445 0.020515   88916 -0.000004 0.000614 -0.000005
238 88908319443.000000  -0.003002 0.002848 89548  0.000001 0.000654 0.008914 0.025154  0.060436 -0.004359   88919 0.000000 0.000634 0.000002
239 88914161490.000000  -0.002601 0.002839 89554  0.000002 0.000632 0.012496 0.001143  0.160097 -0.011547   88947 0.000001 0.000614 0.000002
240 88920003537.000000  -0.002955 0.002540 89553  0.000003 0.000643 0.015284 -0.022519  0.243362 -0.017552   88963 0.000002 0.000625 -0.000001
241 88925845584.000000  -0.002635 0.002794 89559  -0.000001 0.000637 0.010608 0.016632  -0.085258 0.006149   88912 -0.000002 0.000617 -0.000001
242 88931687631.000000  -0.002914 0.002687 89556  0.000001 0.000651 0.010242 0.013101  0.066276 -0.004780   88897 0.000002 0.000631 -0.000005
243 88937529678.000000  -0.003097 0.002417 89552  -0.000002 0.000641 -0.002879 -0.048060  -0.191849 0.013837   89036 -0.000001 0.000625 -0.000006
244 88943371725.000000  -0.002504 0.002964 89554  0.000000 0.000629 0.003901 0.019246  0.007693 -0.000555   88892 -0.000002 0.000610 0.000001
245 88949213772.000000  -0.002551 0.002420 89552  0.000001 0.000633 0.001938 0.025742  0.060120 -0.004336   88868 0.000001 0.000613 -0.000001
246 88955055819.000000  -0.002719 0.002672 89550  -0.000001 0.000642 0.023033 -0.031852  -0.060230 0.004344   88961 -0.000001 0.000625 -0.000001
247 88960897866.000000  -0.002706 0.002849 89546  -0.000001 0.000635 0.016302 0.027104  -0.063675 0.004593   88869 -0.000001 0.000616 -0.000002
248 88966739913.000000  -0.002563 0.002854 89533  0.000002 0.000635 0.020415 0.009357  0.141328 -0.010193   88852 0.000000 0.000615 0.000001
249 88972581960.000000  -0.002834 0.002959 89526  -0.000001 0.000646 -0.030676 0.003842  -0.058540 0.004222   88894 0.000000 0.000627 0.000006
250 88978424007.000000  -0.003242 0.002588 89524  -0.000000 0.000678 -0.026650 0.049229  -0.018498 0.001334   88837 0.000002 0.000657 0.000002
251 88984266054.000000  -0.002870 0.002997 89527  -0.000005 0.000638 -0.013019 0.025785  -0.445985 0.032166   88875 -0.000005 0.000619 -0.000005
252 88990108101.000000  -0.002534 0.002586 89523  -0.000001 0.000628 -0.001950 -0.007645  -0.072137 0.005203   88918 -0.000001 0.000610 0.000004
253 88995950148.000000  -0.002423 0.002669 89522  0.000002 0.000645 0.005954 -0.037768  0.196122 -0.014145   88947 0.000002 0.000628 0.000002
254 89001792195.000000  -0.002484 0.002565 89525  0.000000 0.000651 0.007051 -0.019088  0.014379 -0.001037   88928 -0.000000 0.000633 -0.000004
255 89007634242.000000  -0.002690 0.003668 89526  0.000007 0.000668 0.040976 0.033412  0.631187 -0.045524   88850 0.000006 0.000647 -0.000001
256 89013476289.000000  -0.002883 0.002896 89523  0.000001 0.000649 -0.018767 -0.021850  0.077466 -0.005587   88910 0.000001 0.000630 0.000006
257 89019318336.000000  -0.002965 0.002691 89520  0.000000 0.000648 -0.014537 0.116286  0.038376 -0.002768   88697 0.000001 0.000623 0.000000
258 89025160383.000000  -0.002726 0.002831 89514  -0.000003 0.000647 0.002361 0.059859  -0.251240 0.018120   88808 -0.000004 0.000625 -0.000004
259 89031002430.000000  -0.002656 0.002886 89511  -0.000006 0.000648 0.010392 0.009734  -0.520179 0.037517   88880 -0.000007 0.000629 -0.000005
260 89036844477.000000  -0.002794 0.002502 89510  0.000002 0.000642 -0.011527 0.009657  0.188827 -0.013619   88839 0.000002 0.000622 0.000004
261 89042686524.000000  -0.002786 0.002548 89512  0.000003 0.000650 -0.015705 0.034166  0.244765 -0.017653   88800 0.000003 0.000629 0.000005
262 89048528571.000000  -0.002672 0.003351 89510  -0.000000 0.000650 -0.030504 0.033022  -0.030572 0.002205   88896 0.000001 0.000631 0.000004
263 89054370618.000000  -0.002944 0.003508 89515  -0.000001 0.000698 0.017876 0.159590  -0.065121 0.004697   88792 -0.000002 0.000673 0.000001
264 89060212665.000000  -0.003281 0.006345 89514  0.000004 0.000770 0.196819 1.195186  0.335520 -0.024199   88585 -0.000004 0.000726 0.000003
265 89066054712.000000  -0.004075 0.013600 89511  0.000019 0.001072 1.778819 14.562300  1.706799 -0.123101   87832 -0.000021 0.000886 -0.000020
266 89071896759.000000  -0.004959 0.032415 89514  0.000046 0.001431 4.295776 59.734561  4.123627 -0.297413   87620 -0.000013 0.001050 0.000003
267 89077738806.000000  -0.006023 0.042390 89515  0.000061 0.001753 5.849040 87.621626  5.437090 -0.392145   87486 -0.000020 0.001172 -0.000007
268 89083580853.000000  -0.007957 0.039396 89516  0.000109 0.002333 5.539432 61.854500  9.734058 -0.702060   87079 -0.000014 0.001422 0.000029
269 89089422900.000000  -0.008557 0.048824 89522  0.000141 0.002789 5.783461 61.711599  12.599962 -0.908760   86877 -0.000035 0.001589 -0.000005
270 89095264947.000000  -0.009567 0.134366 89525  0.000197 0.003837 13.279849 302.162731  17.665706 -1.274122   87273 -0.000039 0.001705 -0.000017
271 89101106994.000000  -0.008435 0.140373 89524  0.000253 0.004614 15.310101 317.642879  22.649676 -1.633586   87024 -0.000028 0.001566 -0.000023
272 89106949041.000000  -0.009775 0.190042 89526  0.000243 0.005069 19.852222 517.866681  21.753940 -1.568982   86896 -0.000024 0.001478 -0.000008
273 89112791088.000000  -0.010277 0.189156 89524  0.000216 0.004651 21.907127 656.645040  19.338524 -1.394772   86805 -0.000043 0.001385 -0.000036
274 89118633135.000000  -0.009827 0.104332 89523  0.000167 0.003325 12.994854 260.005297  14.906374 -1.075108   87053 -0.000049 0.001366 -0.000050
275 89124475182.000000  -0.007299 0.147135 89522  0.000188 0.003574 17.084776 429.259831  16.835157 -1.214219   87400 -0.000044 0.001224 -0.000039
276 89130317229.000000  -0.009573 0.187793 89520  0.000219 0.004078 21.025125 618.754259  19.643329 -1.416756   87565 -0.000033 0.001101 -0.000044
277 89136159276.000000  -0.025352 0.147680 89516  0.000182 0.003630 19.812565 541.129454  16.320243 -1.177082   87244 -0.000023 0.001103 -0.000032
278 89142001323.000000  -0.006041 0.108990 89507  0.000153 0.003206 15.722051 351.054080  13.692437 -0.987554   86951 -0.000048 0.001203 -0.000055
279 89147843370.000000  -0.005426 0.071046 89503  0.000103 0.002448 12.604734 250.661567  9.257462 -0.667686   87488 -0.000048 0.001169 -0.000040
280 89153685417.000000  -0.003903 0.039881 89502  0.000054 0.001549 8.960055 157.539067  4.849539 -0.349768   87972 -0.000029 0.000956 -0.000033
281 89159527464.000000  -0.003593 0.035042 89503  0.000037 0.001253 8.172529 160.552495  3.280072 -0.236572   88061 -0.000016 0.000856 -0.000011
282 89165369511.000000  -0.004090 0.022389 89506  0.000013 0.000951 3.586763 60.959498  1.179230 -0.085051   88312 -0.000009 0.000788 -0.000014
283 89171211558.000000  -0.003552 0.010082 89511  0.000004 0.000721 0.589389 5.693245  0.348681 -0.025148   88510 -0.000006 0.000668 -0.000004
284 89177053605.000000  -0.003417 0.004108 89512  -0.000000 0.000674 0.058991 0.085901  -0.017974 0.001296   88905 -0.000003 0.000654 -0.000007
285 89182895652.000000  -0.002624 0.002443 89511  0.000002 0.000643 0.033224 -0.070252  0.152447 -0.010995   88982 0.000000 0.000627 -0.000000
286 89188737699.000000  -0.002475 0.002935 89514  0.000002 0.000637 0.029795 0.043655  0.135982 -0.009808   88806 0.000000 0.000616 -0.000003
287 89194579746.000000  -0.002582 0.002657 89517  0.000001 0.000638 0.002589 0.022202  0.103619 -0.007473   88805 0.000000 0.000617 0.000001
288 89200421793.000000  -0.002758 0.002845 89521  0.000001 0.000644 -0.014144 0.030438  0.106033 -0.007648   88858 0.000002 0.000624 0.000001
289 89206263840.000000  -0.002871 0.002761 89526  -0.000001 0.000643 -0.041095 -0.026208  -0.086674 0.006251   88970 0.000002 0.000626 0.000004
290 89212105887.000000  -0.002634 0.002601 89528  -0.000003 0.000637 -0.023998 -0.011072  -0.284838 0.020544   88943 -0.000001 0.000619 -0.000003
291 89217947934.000000  -0.002674 0.002718 89528  0.000001 0.000641 0.049485 -0.006296  0.117800 -0.008496   88919 -0.000002 0.000623 -0.000000
292 89223789981.000000  -0.002794 0.003239 89529  -0.000004 0.000674 -0.022240 -0.025346  -0.314895 0.022711   88947 -0.000002 0.000655 -0.000002
293 89229632028.000000  -0.002731 0.002741 89534  -0.000001 0.000639 0.041793 0.041512  -0.104559 0.007541   88886 -0.000004 0.000619 -0.000006
294 89235474075.000000  -0.002623 0.002596 89528  0.000002 0.000644 0.037577 0.051119  0.210240 -0.015163   88778 0.000001 0.000622 -0.000003
295 89241316122.000000  -0.002627 0.002764 89522  0.000001 0.000643 0.000074 -0.040595  0.067794 -0.004890   88978 0.000001 0.000627 0.000001
296 89247158169.000000  -0.002515 0.002990 89522  -0.000001 0.000623 -0.005580 0.057229  -0.102594 0.007399   88838 -0.000001 0.000603 0.000003
297 89253000216.000000  -0.002751 0.002902 89522  0.000000 0.000640 -0.016203 0.007595  0.043666 -0.003149   88872 0.000001 0.000621 0.000003
298 89258842263.000000  -0.002748 0.002969 89524  0.000001 0.000644 0.001814 -0.072107  0.047704 -0.003441   88999 0.000001 0.000628 0.000004
299 89264684310.000000  -0.002815 0.002668 89525  0.000002 0.000641 -0.006169 0.000331  0.145391 -0.010486   88896 0.000003 0.000623 -0.000002
300 89270526357.000000  -0.002775 0.002349 89524  -0.000001 0.000629 -0.029623 -0.044569  -0.072660 0.005241   88944 0.000001 0.000613 0.000003
301 89276368404.000000  -0.002577 0.003001 89522  0.000001 0.000652 0.011017 -0.001165  0.108296 -0.007811   88866 -0.000001 0.000633 -0.000001
302 89282210451.000000  -0.002467 0.002648 89521  0.000000 0.000642 -0.004184 -0.069017  0.011263 -0.000812   88985 0.000000 0.000626 0.000000
303 89288052498.000000  -0.002636 0.002891 89521  0.000004 0.000641 0.005839 0.086274  0.320376 -0.023107   88793 0.000003 0.000619 0.000005
304 89293894545.000000  -0.002741 0.002992 89523  0.000001 0.000632 -0.002293 0.058209  0.100335 -0.007237   88825 0.000001 0.000612 0.000001
305 89299736592.000000  -0.002782 0.002768 89521  0.000002 0.000632 -0.002281 0.026942  0.180889 -0.013046   88830 0.000002 0.000612 0.000003
306 89305578639.000000  -0.002923 0.002646 89521  -0.000001 0.000644 0.005646 0.005163  -0.087821 0.006334   88927 -0.000001 0.000625 -0.000001
307 89311420686.000000  -0.002674 0.002595 89521  0.000001 0.000657 0.013445 0.011521  0.091001 -0.006563   88873 0.000001 0.000637 0.000001
308 89317262733.000000  -0.003107 0.003104 89521  0.000003 0.000659 -0.042555 0.041749  0.253466 -0.018281   88926 0.000005 0.000640 0.000004
309 89323104780.000000  -0.002503 0.002863 89533  -0.000004 0.000650 -0.000249 0.075549  -0.314266 0.022666   88763 -0.000003 0.000627 -0.000005
310 89328946827.000000  -0.002678 0.002724 89541  -0.000000 0.000668 -0.002959 -0.014948  -0.004422 0.000319   88890 -0.000000 0.000649 0.000003
311 89334788874.000000  -0.002697 0.003033 89545  -0.000000 0.000660 -0.002627 0.069721  -0.034217 0.002468   88792 -0.000000 0.000637 0.000002
312 89340630921.000000  -0.002442 0.002718 89548  -0.000004 0.000638 0.034280 -0.017678  -0.331402 0.023902   88931 -0.000006 0.000620 -0.000007
313 89346472968.000000  -0.002838 0.002443 89553  0.000001 0.000628 0.026657 -0.033529  0.114744 -0.008276   89000 0.000000 0.000612 0.000001
314 89352315015.000000  -0.002792 0.002811 89555  0.000002 0.000642 0.027458 -0.005006  0.194516 -0.014029   88930 0.000001 0.000623 -0.000003
315 89358157062.000000  -0.002604 0.003309 89559  -0.000001 0.000655 0.003279 0.037371  -0.098950 0.007137   88889 -0.000002 0.000634 -0.000001
316 89363999109.000000  -0.002650 0.003364 89556  0.000003 0.000676 0.025855 0.047532  0.253941 -0.018315   88856 0.000000 0.000655 0.000003
317 89369841156.000000  -0.003210 0.002941 89558  -0.000002 0.000682 -0.002278 0.047042  -0.175146 0.012632   88865 -0.000002 0.000659 -0.000001
318 89375683203.000000  -0.002819 0.003573 89564  0.000000 0.000699 -0.033354 0.031967  0.012747 -0.000919   88905 0.000003 0.000678 0.000001
319 89381525250.000000  -0.003248 0.002782 89563  -0.000001 0.000724 -0.003048 0.016856  -0.049934 0.003601   88895 -0.000000 0.000702 -0.000001
320 89387367297.000000  -0.003122 0.003192 89564  -0.000004 0.000752 0.003135 0.024124  -0.360017 0.025966   88894 -0.000004 0.000729 -0.000003
321 89393209344.000000  -0.006126 0.010081 89536  0.000001 0.001544 0.046952 0.188554  0.131680 -0.009497   88875 -0.000005 0.001492 0.000001
