# iz z min  max  N  mean sigma skew kurt sum sum  robust[N mean sig med]
1 99442549037.500000  -0.002745 0.003252 74387  0.000001 0.000700 0.002449 0.077859  0.042153 -0.003453   73744 0.000001 0.000676 0.000002
2 99449183332.000000  -0.002927 0.003250 74372  0.000007 0.000642 -0.026827 0.106386  0.486493 -0.039846   73750 0.000008 0.000619 0.000011
3 99455817626.500000  -0.002875 0.003434 74373  -0.000002 0.000679 0.043211 0.091186  -0.142436 0.011666   73794 -0.000006 0.000656 -0.000006
4 99462451921.000000  -0.003125 0.002560 74371  0.000001 0.000641 -0.002154 0.043309  0.042548 -0.003485   73808 0.000001 0.000620 -0.000001
5 99469086215.500000  -0.002742 0.002677 74374  -0.000002 0.000662 0.016430 0.014082  -0.163003 0.013351   73805 -0.000003 0.000642 -0.000004
6 99475720510.000000  -0.002693 0.002970 74376  -0.000005 0.000641 -0.033465 -0.022148  -0.391355 0.032054   73897 -0.000004 0.000624 0.000001
7 99482354804.500000  -0.002759 0.002579 74373  -0.000001 0.000649 -0.011694 -0.044577  -0.054313 0.004448   73898 0.000001 0.000632 0.000002
8 99488989099.000000  -0.003300 0.002754 74376  -0.000003 0.000683 0.000434 0.081108  -0.201938 0.016540   73777 -0.000003 0.000659 -0.000006
9 99495623393.500000  -0.002779 0.002641 74372  0.000001 0.000648 0.004608 0.025588  0.064085 -0.005249   73807 0.000001 0.000628 0.000005
10 99502257688.000000  -0.002810 0.002978 74376  0.000001 0.000659 0.014785 -0.000160  0.062867 -0.005149   73866 0.000001 0.000640 -0.000001
11 99508891982.500000  -0.002519 0.002826 74370  -0.000004 0.000647 -0.013614 -0.040925  -0.272138 0.022289   73891 -0.000004 0.000630 -0.000004
12 99515526277.000000  -0.002707 0.002829 74369  0.000001 0.000641 -0.012052 0.054762  0.090063 -0.007377   73763 0.000001 0.000619 0.000006
13 99522160571.500000  -0.002738 0.002569 74372  0.000002 0.000662 -0.007143 0.008307  0.128058 -0.010489   73796 0.000002 0.000641 0.000002
14 99528794866.000000  -0.002637 0.003037 74367  -0.000002 0.000630 -0.032115 -0.020177  -0.154554 0.012659   73879 -0.000001 0.000613 0.000003
15 99535429160.500000  -0.002703 0.002522 74376  0.000002 0.000661 -0.023038 0.023079  0.172149 -0.014100   73809 0.000004 0.000640 0.000004
16 99542063455.000000  -0.002781 0.002548 74372  0.000000 0.000646 -0.000382 -0.010590  0.009985 -0.000818   73841 0.000001 0.000627 -0.000002
17 99548697749.500000  -0.002590 0.003022 74376  0.000002 0.000655 0.034226 0.035499  0.120006 -0.009829   73812 -0.000000 0.000635 -0.000002
18 99555332044.000000  -0.002942 0.002692 74368  -0.000001 0.000628 0.013414 -0.013777  -0.059783 0.004897   73866 -0.000002 0.000610 0.000000
19 99561966338.500000  -0.003024 0.002874 74364  0.000001 0.000650 -0.015506 0.044959  0.055814 -0.004571   73782 0.000002 0.000629 0.000005
20 99568600633.000000  -0.002807 0.002669 74365  0.000000 0.000673 -0.007715 -0.050531  0.023986 -0.001965   73935 0.000001 0.000657 0.000001
21 99575234927.500000  -0.002803 0.002982 74360  -0.000001 0.000624 0.002206 -0.019205  -0.050110 0.004104   73915 -0.000000 0.000607 -0.000002
22 99581869222.000000  -0.002672 0.002573 74368  -0.000004 0.000663 -0.017102 0.075605  -0.328482 0.026904   73726 -0.000003 0.000640 -0.000004
23 99588503516.500000  -0.002639 0.002436 74363  0.000001 0.000654 0.015898 -0.065281  0.111262 -0.009113   73904 0.000001 0.000638 -0.000004
24 99595137811.000000  -0.002773 0.002527 74367  -0.000003 0.000633 -0.000257 -0.018267  -0.193321 0.015834   73849 -0.000001 0.000615 -0.000004
25 99601772105.500000  -0.003230 0.003012 74370  0.000000 0.000660 -0.006816 0.143349  0.017578 -0.001440   73756 0.000001 0.000636 0.000002
26 99608406400.000000  -0.002968 0.002508 74366  0.000001 0.000630 -0.023016 0.010297  0.087823 -0.007193   73840 0.000002 0.000612 0.000005
27 99615040694.500000  -0.002913 0.002770 74373  0.000001 0.000656 -0.025083 0.077529  0.071984 -0.005896   73778 0.000002 0.000634 0.000007
28 99621674989.000000  -0.002965 0.002610 74370  -0.000001 0.000625 0.005654 -0.042152  -0.079936 0.006547   73922 -0.000002 0.000609 0.000001
29 99628309283.500000  -0.002559 0.002607 74366  0.000003 0.000627 0.007463 -0.031039  0.194601 -0.015939   73907 0.000002 0.000610 0.000001
30 99634943578.000000  -0.002429 0.002927 74376  0.000000 0.000638 0.010970 0.047368  0.000129 -0.000011   73809 -0.000001 0.000618 0.000003
31 99641577872.500000  -0.002612 0.002392 74371  -0.000001 0.000621 0.021316 0.000888  -0.053971 0.004420   73821 -0.000002 0.000602 -0.000006
32 99648212167.000000  -0.002792 0.002691 74374  -0.000002 0.000653 0.004971 -0.008574  -0.155328 0.012722   73894 -0.000003 0.000636 -0.000004
33 99654846461.500000  -0.002795 0.002672 74368  0.000002 0.000643 -0.020698 -0.076058  0.112419 -0.009208   73958 0.000002 0.000628 0.000003
34 99661480756.000000  -0.002659 0.002732 74366  -0.000001 0.000638 0.024714 0.053098  -0.067250 0.005508   73801 -0.000001 0.000618 -0.000007
35 99668115050.500000  -0.002652 0.002595 74370  -0.000002 0.000627 -0.010571 0.041311  -0.129053 0.010570   73802 -0.000002 0.000607 -0.000000
36 99674749345.000000  -0.002728 0.002706 74373  0.000004 0.000639 0.015296 0.000392  0.264190 -0.021638   73852 0.000002 0.000620 0.000004
37 99681383639.500000  -0.003157 0.002710 74370  -0.000003 0.000658 0.015645 0.045177  -0.191705 0.015702   73808 -0.000004 0.000637 -0.000005
38 99688017934.000000  -0.002669 0.002807 74368  0.000003 0.000639 0.001502 0.012322  0.206626 -0.016924   73828 0.000003 0.000620 0.000001
39 99694652228.500000  -0.002510 0.002714 74365  0.000001 0.000667 0.019225 -0.039832  0.073322 -0.006005   73903 -0.000000 0.000650 0.000002
40 99701286523.000000  -0.002686 0.002769 74360  0.000002 0.000632 0.010938 0.009705  0.122443 -0.010029   73850 0.000002 0.000613 -0.000002
41 99707920817.500000  -0.002634 0.002694 74357  -0.000000 0.000621 -0.010847 0.003768  -0.016386 0.001342   73849 0.000001 0.000604 -0.000000
42 99714555112.000000  -0.002626 0.002864 74360  -0.000001 0.000671 0.032247 0.046649  -0.069805 0.005717   73766 -0.000002 0.000649 -0.000005
43 99721189406.500000  -0.002556 0.002366 74354  -0.000003 0.000633 0.016980 -0.049356  -0.255947 0.020963   73878 -0.000004 0.000617 -0.000005
44 99727823701.000000  -0.002752 0.002840 74359  -0.000000 0.000676 -0.014739 -0.022935  -0.017886 0.001465   73858 0.000001 0.000657 0.000002
45 99734457995.500000  -0.002626 0.003393 74356  -0.000002 0.000635 0.027428 -0.012129  -0.150181 0.012301   73887 -0.000003 0.000618 -0.000007
46 99741092290.000000  -0.002706 0.002605 74353  -0.000000 0.000625 0.001865 0.032451  -0.003349 0.000274   73799 0.000001 0.000605 -0.000003
47 99747726584.500000  -0.002524 0.002808 74352  -0.000002 0.000651 0.029034 -0.001008  -0.121313 0.009936   73850 -0.000004 0.000632 -0.000002
48 99754360879.000000  -0.002795 0.002778 74347  -0.000006 0.000655 0.015707 -0.012504  -0.421533 0.034526   73828 -0.000007 0.000636 -0.000008
49 99760995173.500000  -0.002927 0.002807 74349  -0.000002 0.000687 0.017732 0.013693  -0.125295 0.010262   73787 -0.000003 0.000666 -0.000006
50 99767629468.000000  -0.002691 0.002966 74348  0.000002 0.000638 0.003738 0.045351  0.112470 -0.009212   73773 0.000001 0.000618 0.000002
51 99774263762.500000  -0.002695 0.002803 74346  0.000001 0.000675 0.018291 -0.031214  0.070000 -0.005733   73853 -0.000000 0.000657 0.000001
52 99780898057.000000  -0.002823 0.002429 74347  0.000000 0.000645 -0.009647 0.061587  0.035527 -0.002910   73705 0.000002 0.000622 -0.000002
53 99787532351.500000  -0.002897 0.002708 74348  -0.000002 0.000651 -0.027168 -0.037425  -0.116132 0.009512   73886 -0.000000 0.000634 0.000003
54 99794166646.000000  -0.002778 0.002937 74348  -0.000001 0.000666 0.024707 0.021783  -0.091353 0.007482   73841 -0.000003 0.000646 -0.000003
55 99800800940.500000  -0.002631 0.004357 74351  -0.000003 0.000648 0.070046 0.178850  -0.218872 0.017927   73794 -0.000006 0.000627 -0.000008
56 99807435235.000000  -0.002441 0.002758 74348  -0.000001 0.000665 0.014752 -0.007336  -0.040086 0.003283   73817 -0.000002 0.000646 0.000001
57 99814069529.500000  -0.003102 0.003590 74350  0.000001 0.000641 -0.018811 0.053842  0.063927 -0.005236   73832 0.000002 0.000621 0.000001
58 99820703824.000000  -0.002677 0.002918 74350  0.000003 0.000644 0.031137 -0.009743  0.217024 -0.017775   73859 0.000002 0.000626 -0.000004
59 99827338118.500000  -0.002466 0.002516 74353  -0.000002 0.000639 0.000574 -0.016993  -0.127619 0.010453   73844 -0.000001 0.000622 -0.000004
60 99833972413.000000  -0.002475 0.002536 74347  0.000002 0.000625 0.007361 0.031890  0.180850 -0.014812   73748 0.000002 0.000605 0.000002
61 99840606707.500000  -0.002480 0.003007 74342  -0.000003 0.000653 0.024086 -0.011683  -0.226331 0.018538   73833 -0.000004 0.000634 -0.000007
62 99847241002.000000  -0.002473 0.002750 74345  -0.000005 0.000638 0.005707 0.050300  -0.393985 0.032269   73722 -0.000007 0.000617 -0.000006
63 99853875296.500000  -0.003290 0.002882 74347  0.000000 0.000641 -0.026627 0.062926  0.018167 -0.001488   73785 0.000001 0.000620 0.000003
64 99860509591.000000  -0.002690 0.002549 74341  -0.000002 0.000653 -0.018767 0.017042  -0.145153 0.011889   73787 -0.000000 0.000632 0.000001
65 99867143885.500000  -0.003091 0.002590 74339  -0.000002 0.000650 -0.015847 0.052864  -0.165491 0.013555   73805 -0.000001 0.000631 -0.000004
66 99873778180.000000  -0.002849 0.002740 74335  -0.000004 0.000669 0.007788 0.040524  -0.262351 0.021488   73772 -0.000004 0.000648 -0.000005
67 99880412474.500000  -0.002553 0.002665 74332  0.000001 0.000632 0.033061 -0.011175  0.078501 -0.006430   73817 -0.000000 0.000614 -0.000002
68 99887046769.000000  -0.002759 0.003212 74332  -0.000005 0.000637 0.064791 0.073714  -0.407207 0.033352   73763 -0.000007 0.000616 -0.000015
69 99893681063.500000  -0.002930 0.002906 74336  0.000001 0.000645 0.012913 0.036421  0.037743 -0.003091   73796 0.000001 0.000625 -0.000005
70 99900315358.000000  -0.002556 0.002748 74337  -0.000002 0.000637 0.003177 -0.000016  -0.160225 0.013123   73849 -0.000003 0.000620 0.000001
71 99906949652.500000  -0.002688 0.002690 74340  0.000002 0.000662 -0.031805 0.008188  0.179769 -0.014724   73799 0.000004 0.000642 0.000007
72 99913583947.000000  -0.002614 0.003249 74344  -0.000001 0.000644 0.055865 0.022287  -0.050377 0.004126   73826 -0.000004 0.000625 -0.000004
73 99920218241.500000  -0.003097 0.003173 74346  0.000001 0.000678 0.013154 0.010695  0.059167 -0.004846   73885 0.000001 0.000660 -0.000001
74 99926852536.000000  -0.002534 0.002951 74342  -0.000001 0.000633 0.007396 0.044761  -0.100783 0.008255   73779 -0.000002 0.000613 -0.000002
75 99933486830.500000  -0.002915 0.002466 74339  -0.000001 0.000635 -0.048523 0.055753  -0.052838 0.004328   73769 0.000003 0.000615 0.000004
76 99940121125.000000  -0.002883 0.003413 74339  -0.000001 0.000680 0.020453 0.057041  -0.047632 0.003901   73784 -0.000002 0.000658 0.000001
77 99946755419.500000  -0.002861 0.003285 74341  -0.000000 0.000654 0.001203 0.060869  -0.034459 0.002822   73776 -0.000001 0.000633 0.000000
78 99953389714.000000  -0.002770 0.007462 74339  0.000003 0.000670 0.153334 1.179766  0.202403 -0.016578   73742 -0.000000 0.000643 0.000001
79 99960024008.500000  -0.003171 0.012357 74340  0.000007 0.000719 1.047643 10.978178  0.495364 -0.040573   73538 -0.000008 0.000654 -0.000009
80 99966658303.000000  -0.003107 0.020399 74341  0.000011 0.000858 4.105606 60.558410  0.797074 -0.065284   73473 -0.000017 0.000682 -0.000015
81 99973292597.500000  -0.003100 0.039794 74329  0.000028 0.001065 9.738919 239.103170  2.092578 -0.171392   73326 -0.000017 0.000728 -0.000017
82 99979926892.000000  -0.003864 0.067377 74336  0.000053 0.001380 19.241354 655.406928  3.916348 -0.320768   73258 -0.000009 0.000704 -0.000006
83 99986561186.500000  -0.003214 0.054835 74338  0.000041 0.001267 15.900428 476.473455  3.073886 -0.251766   73423 -0.000010 0.000719 -0.000012
84 99993195481.000000  -0.003131 0.061466 74342  0.000037 0.001242 20.901346 761.732845  2.761246 -0.226160   73409 -0.000009 0.000679 -0.000012
85 99999829775.500000  -0.003300 0.039974 74340  0.000021 0.000963 10.224878 289.218182  1.533764 -0.125623   73402 -0.000009 0.000682 -0.000004
86 100006464070.000000  -0.002793 0.048459 74343  0.000041 0.001142 14.504363 422.666266  3.017721 -0.247166   73334 -0.000006 0.000668 -0.000001
87 100013098364.500000  -0.003325 0.082104 74346  0.000058 0.001553 23.828110 893.329812  4.299420 -0.352143   73230 -0.000012 0.000676 -0.000016
88 100019732659.000000  -0.003088 0.077292 74341  0.000056 0.001546 23.300795 809.863576  4.142250 -0.339270   73555 -0.000005 0.000688 -0.000010
89 100026366953.500000  -0.002973 0.041228 74339  0.000029 0.001037 13.399749 366.946634  2.176708 -0.178283   73543 -0.000004 0.000660 -0.000009
90 100033001248.000000  -0.002719 0.017796 74339  0.000016 0.000761 2.547401 39.861473  1.168180 -0.095680   73658 -0.000002 0.000667 -0.000004
91 100039635542.500000  -0.003023 0.010223 74336  0.000004 0.000696 0.619892 7.276874  0.270066 -0.022120   73759 0.000002 0.000653 0.000004
92 100046269837.000000  -0.002952 0.005083 74336  0.000000 0.000638 0.042416 0.343358  0.019253 -0.001577   73785 -0.000001 0.000616 -0.000003
93 100052904131.500000  -0.002585 0.003082 74340  0.000007 0.000676 0.027786 -0.003206  0.483429 -0.039595   73838 0.000004 0.000657 0.000008
94 100059538426.000000  -0.002674 0.002674 74337  0.000002 0.000631 0.000043 0.018885  0.125704 -0.010296   73776 0.000001 0.000612 0.000001
95 100066172720.500000  -0.002582 0.003071 74334  0.000000 0.000655 0.005558 0.050419  0.004417 -0.000362   73789 -0.000001 0.000634 0.000002
96 100072807015.000000  -0.002969 0.002777 74331  -0.000000 0.000653 -0.040790 0.076118  -0.033222 0.002721   73760 0.000001 0.000631 0.000005
97 100079441309.500000  -0.002958 0.002896 74336  -0.000000 0.000653 0.039896 0.001208  -0.020341 0.001666   73818 -0.000001 0.000634 -0.000002
98 100086075604.000000  -0.002909 0.002842 74333  -0.000000 0.000654 0.008155 -0.005160  -0.007466 0.000611   73862 -0.000001 0.000636 -0.000002
99 100092709898.500000  -0.002777 0.002554 74328  0.000002 0.000653 0.026002 -0.044410  0.131808 -0.010796   73865 0.000001 0.000636 -0.000001
100 100099344193.000000  -0.002833 0.002901 74330  0.000000 0.000665 -0.033550 0.110873  0.033361 -0.002732   73707 0.000002 0.000641 0.000004
101 100105978487.500000  -0.002592 0.002752 74334  -0.000003 0.000654 -0.002155 -0.079489  -0.250337 0.020504   73949 -0.000002 0.000639 -0.000005
102 100112612782.000000  -0.002845 0.002727 74345  -0.000005 0.000668 -0.006367 -0.047875  -0.370455 0.030342   73915 -0.000005 0.000651 -0.000004
103 100119247076.500000  -0.002746 0.002705 74339  -0.000001 0.000651 -0.019384 0.006322  -0.058286 0.004774   73829 -0.000000 0.000632 0.000001
104 100125881371.000000  -0.002679 0.002658 74343  -0.000001 0.000659 0.017906 -0.066206  -0.073361 0.006009   73925 -0.000003 0.000644 -0.000004
105 100132515665.500000  -0.002814 0.003005 74345  0.000000 0.000672 0.020249 -0.062461  0.009760 -0.000799   73908 -0.000001 0.000655 -0.000002
106 100139149960.000000  -0.002814 0.002640 74343  0.000003 0.000649 -0.003317 0.001053  0.247201 -0.020247   73799 0.000003 0.000630 0.000005
107 100145784254.500000  -0.002571 0.002461 74345  -0.000001 0.000657 0.020567 0.004364  -0.039002 0.003194   73786 -0.000001 0.000637 -0.000003
108 100152418549.000000  -0.002623 0.002791 74343  0.000003 0.000660 0.009016 0.035799  0.224770 -0.018410   73803 0.000003 0.000639 0.000002
109 100159052843.500000  -0.002836 0.003046 74345  -0.000000 0.000654 0.041381 -0.015944  -0.025255 0.002069   73856 -0.000002 0.000635 -0.000004
110 100165687138.000000  -0.002698 0.003623 74353  -0.000000 0.000674 0.000069 0.041348  -0.033206 0.002720   73817 0.000000 0.000654 -0.000003
111 100172321432.500000  -0.002539 0.002673 74349  0.000003 0.000661 0.012242 -0.078394  0.199000 -0.016299   73908 0.000003 0.000645 -0.000001
112 100178955727.000000  -0.003029 0.002853 74356  -0.000001 0.000667 -0.039885 0.044172  -0.109181 0.008942   73778 -0.000000 0.000645 0.000005
113 100185590021.500000  -0.002973 0.002825 74343  -0.000001 0.000643 0.012095 0.037696  -0.062832 0.005146   73793 -0.000001 0.000623 -0.000005
114 100192224316.000000  -0.002573 0.002880 74338  -0.000003 0.000642 0.020682 -0.070106  -0.238334 0.019521   73911 -0.000004 0.000626 -0.000008
115 100198858610.500000  -0.002915 0.002571 74339  0.000002 0.000654 -0.035067 0.049869  0.161292 -0.013211   73749 0.000003 0.000633 0.000006
116 100205492905.000000  -0.002626 0.003002 74339  -0.000001 0.000653 -0.014140 -0.004020  -0.056865 0.004658   73816 0.000000 0.000635 0.000002
117 100212127199.500000  -0.002742 0.002986 74342  0.000003 0.000683 0.029902 0.061333  0.230005 -0.018839   73751 0.000001 0.000660 0.000001
118 100218761494.000000  -0.002639 0.002468 74342  0.000002 0.000653 -0.041688 0.022886  0.176499 -0.014456   73767 0.000004 0.000632 0.000007
119 100225395788.500000  -0.003207 0.002580 74349  0.000001 0.000682 0.001902 0.031905  0.087398 -0.007158   73783 0.000001 0.000660 -0.000002
120 100232030083.000000  -0.002940 0.003163 74347  -0.000004 0.000664 0.015458 0.050098  -0.286067 0.023430   73770 -0.000004 0.000643 -0.000009
121 100238664377.500000  -0.002585 0.002508 74351  -0.000001 0.000631 0.031522 -0.037963  -0.099462 0.008146   73879 -0.000003 0.000615 -0.000004
122 100245298672.000000  -0.002639 0.002741 74351  0.000004 0.000657 -0.025929 -0.079567  0.270100 -0.022122   73907 0.000005 0.000641 0.000010
123 100251932966.500000  -0.003556 0.005597 74350  0.000000 0.000669 0.017672 0.281419  0.003756 -0.000308   73813 0.000001 0.000647 0.000002
124 100258567261.000000  -0.003143 0.003636 74352  -0.000003 0.000674 0.019111 0.076067  -0.256536 0.021012   73772 -0.000004 0.000653 -0.000006
125 100265201555.500000  -0.003100 0.002600 74350  0.000002 0.000667 -0.023449 -0.009375  0.167730 -0.013738   73857 0.000002 0.000649 0.000005
126 100271835850.000000  -0.002799 0.003075 74347  -0.000002 0.000655 0.009207 0.095995  -0.142180 0.011645   73757 -0.000002 0.000633 -0.000003
127 100278470144.500000  -0.002698 0.003018 74355  -0.000002 0.000696 0.025171 -0.009723  -0.181971 0.014904   73840 -0.000004 0.000676 -0.000004
128 100285104439.000000  -0.002905 0.002598 74344  0.000004 0.000652 -0.028360 -0.004859  0.330711 -0.027087   73854 0.000006 0.000634 0.000007
129 100291738733.500000  -0.002914 0.002622 74355  0.000002 0.000676 0.030596 0.036834  0.137923 -0.011297   73756 0.000001 0.000654 -0.000003
130 100298373028.000000  -0.002812 0.002736 74344  -0.000001 0.000679 0.021995 -0.031840  -0.087858 0.007196   73875 -0.000002 0.000661 -0.000006
131 100305007322.500000  -0.002533 0.002492 74351  0.000002 0.000658 0.013562 -0.055256  0.134342 -0.011003   73885 0.000001 0.000641 -0.000004
132 100311641617.000000  -0.002947 0.002571 74349  -0.000002 0.000674 -0.037329 0.021927  -0.158140 0.012952   73823 -0.000000 0.000654 0.000003
133 100318275911.500000  -0.002584 0.002619 74347  -0.000002 0.000652 0.023026 0.013388  -0.142788 0.011695   73773 -0.000002 0.000632 -0.000006
134 100324910206.000000  -0.002705 0.002738 74349  -0.000003 0.000690 0.013618 0.013163  -0.232737 0.019062   73784 -0.000004 0.000669 -0.000005
135 100331544500.500000  -0.003037 0.002791 74354  -0.000003 0.000656 -0.001849 0.050169  -0.237893 0.019485   73794 -0.000003 0.000635 -0.000003
136 100338178795.000000  -0.003197 0.003511 74357  0.000002 0.000666 0.023765 0.048152  0.131617 -0.010780   73838 0.000001 0.000646 -0.000006
137 100344813089.500000  -0.002649 0.002595 74354  0.000003 0.000659 -0.011997 -0.025045  0.212741 -0.017425   73854 0.000004 0.000640 0.000004
138 100351447384.000000  -0.002556 0.002926 74354  -0.000003 0.000668 -0.007006 -0.035330  -0.198931 0.016293   73880 -0.000002 0.000651 -0.000001
139 100358081678.500000  -0.003142 0.003435 74351  -0.000001 0.000684 0.031959 0.072872  -0.058527 0.004794   73776 -0.000001 0.000662 -0.000005
140 100364715973.000000  -0.003162 0.002625 74356  0.000001 0.000673 -0.035564 0.022474  0.103342 -0.008464   73790 0.000004 0.000652 0.000006
141 100371350267.500000  -0.003184 0.003075 74352  0.000004 0.000693 0.002752 0.028458  0.275234 -0.022543   73848 0.000003 0.000672 0.000005
142 100377984562.000000  -0.002725 0.003024 74350  0.000002 0.000659 0.035342 -0.018910  0.124252 -0.010177   73852 -0.000000 0.000641 -0.000003
143 100384618856.500000  -0.002704 0.002584 74345  -0.000002 0.000667 -0.004497 0.021728  -0.158523 0.012984   73776 -0.000001 0.000646 -0.000003
144 100391253151.000000  -0.003010 0.002831 74337  -0.000003 0.000692 -0.031725 -0.065231  -0.226771 0.018574   73941 -0.000001 0.000677 0.000003
145 100397887445.500000  -0.002945 0.003183 74337  -0.000000 0.000680 0.003740 0.045350  -0.028248 0.002314   73787 -0.000000 0.000659 -0.000002
146 100404521740.000000  -0.002651 0.004031 74332  -0.000002 0.000686 0.036722 0.028878  -0.144229 0.011813   73857 -0.000004 0.000667 -0.000005
147 100411156034.500000  -0.002745 0.003196 74335  -0.000001 0.000667 -0.003509 0.130005  -0.048067 0.003937   73690 -0.000001 0.000642 0.000003
148 100417790329.000000  -0.002727 0.003253 74332  0.000000 0.000687 0.018866 0.023419  0.000576 -0.000047   73808 -0.000003 0.000666 0.000001
149 100424424623.500000  -0.002781 0.002696 74331  0.000003 0.000696 -0.002259 -0.024788  0.200399 -0.016414   73837 0.000003 0.000677 0.000003
150 100431058918.000000  -0.002643 0.003190 74342  0.000002 0.000660 0.008924 0.034307  0.158559 -0.012987   73808 0.000002 0.000640 0.000003
151 100437693212.500000  -0.002971 0.002737 74344  0.000000 0.000709 0.012566 0.014448  0.012133 -0.000994   73778 -0.000000 0.000687 -0.000003
152 100444327507.000000  -0.002864 0.003267 74347  0.000001 0.000656 0.035381 0.065558  0.086080 -0.007050   73767 -0.000001 0.000635 -0.000002
153 100450961801.500000  -0.003006 0.002861 74345  -0.000002 0.000694 -0.004114 0.079373  -0.130181 0.010662   73726 -0.000002 0.000670 0.000002
154 100457596096.000000  -0.002919 0.002813 74346  -0.000001 0.000665 -0.027145 0.033904  -0.078381 0.006420   73815 0.000000 0.000645 0.000003
155 100464230390.500000  -0.002907 0.002906 74345  0.000003 0.000683 0.036367 0.022235  0.193081 -0.015814   73811 0.000001 0.000662 -0.000006
156 100470864685.000000  -0.003162 0.003304 74339  0.000001 0.000704 -0.010706 0.020243  0.059589 -0.004881   73845 0.000002 0.000684 -0.000000
157 100477498979.500000  -0.003094 0.002908 74350  0.000004 0.000668 0.013978 -0.010280  0.278098 -0.022778   73865 0.000003 0.000650 -0.000000
158 100484133274.000000  -0.002797 0.003063 74353  0.000000 0.000702 -0.009259 -0.005532  0.001210 -0.000099   73827 0.000000 0.000681 0.000002
159 100490767568.500000  -0.002734 0.002977 74357  0.000000 0.000667 0.020456 0.031808  0.011181 -0.000916   73754 -0.000001 0.000645 -0.000002
160 100497401863.000000  -0.002788 0.002912 74360  0.000001 0.000662 0.002411 -0.038413  0.097750 -0.008006   73897 0.000001 0.000644 0.000005
161 100504036157.500000  -0.003227 0.003710 74352  0.000002 0.000697 -0.010578 0.136444  0.149529 -0.012247   73727 0.000003 0.000671 0.000006
162 100510670452.000000  -0.002883 0.005841 74349  0.000000 0.000693 0.064218 0.438332  0.014701 -0.001204   73763 -0.000001 0.000668 -0.000003
163 100517304746.500000  -0.002869 0.003385 74349  -0.000002 0.000717 0.052193 0.019934  -0.127800 0.010467   73840 -0.000004 0.000696 -0.000009
164 100523939041.000000  -0.003214 0.002997 74354  -0.000000 0.000705 0.006664 0.054297  -0.031813 0.002606   73806 -0.000002 0.000683 0.000000
165 100530573335.500000  -0.003111 0.006858 74346  -0.000004 0.000740 0.192429 0.982172  -0.263879 0.021613   73786 -0.000010 0.000711 -0.000012
166 100537207630.000000  -0.003156 0.007632 74347  0.000002 0.000695 0.263581 1.685525  0.169405 -0.013875   73703 -0.000004 0.000661 -0.000007
167 100543841924.500000  -0.002841 0.006798 74351  0.000004 0.000688 0.140640 0.860407  0.280170 -0.022947   73823 0.000000 0.000664 0.000002
168 100550476219.000000  -0.003544 0.005018 74345  0.000005 0.000709 0.058658 0.267001  0.341617 -0.027980   73734 0.000002 0.000682 -0.000002
169 100557110513.500000  -0.003068 0.003500 74352  -0.000003 0.000672 0.004040 0.104662  -0.186788 0.015299   73715 -0.000002 0.000647 -0.000005
170 100563744808.000000  -0.002836 0.005658 74348  0.000005 0.000716 0.086859 0.391591  0.404764 -0.033152   73782 0.000003 0.000690 0.000000
171 100570379102.500000  -0.002998 0.007045 74356  0.000002 0.000707 0.157777 1.100512  0.149066 -0.012209   73770 -0.000001 0.000677 -0.000001
172 100577013397.000000  -0.002787 0.005566 74356  0.000000 0.000689 0.170682 0.763622  0.030131 -0.002468   73779 -0.000004 0.000660 -0.000011
173 100583647691.500000  -0.002730 0.003935 74349  0.000005 0.000721 0.048287 0.119407  0.405871 -0.033243   73780 0.000003 0.000697 0.000001
174 100590281986.000000  -0.002608 0.002753 74353  -0.000000 0.000651 0.011993 0.007170  -0.008524 0.000698   73820 -0.000000 0.000632 -0.000003
175 100596916280.500000  -0.002803 0.002662 74344  0.000000 0.000692 0.015373 -0.065313  0.003371 -0.000276   73878 -0.000001 0.000675 -0.000003
176 100603550575.000000  -0.003045 0.002720 74346  0.000003 0.000679 0.013565 -0.036508  0.227485 -0.018632   73868 0.000003 0.000661 0.000001
177 100610184869.500000  -0.002795 0.003078 74343  -0.000003 0.000669 0.004314 0.017006  -0.237898 0.019485   73834 -0.000003 0.000650 -0.000001
178 100616819164.000000  -0.003197 0.002898 74340  -0.000003 0.000698 -0.020131 -0.003554  -0.198872 0.016289   73836 -0.000001 0.000678 -0.000001
179 100623453458.500000  -0.002697 0.003177 74344  0.000002 0.000653 -0.017112 0.010833  0.149426 -0.012239   73795 0.000003 0.000634 0.000005
180 100630087753.000000  -0.002928 0.002681 74337  0.000003 0.000699 -0.000893 -0.024353  0.242551 -0.019866   73836 0.000004 0.000679 0.000003
181 100636722047.500000  -0.003107 0.002689 74348  0.000002 0.000663 0.003789 0.012201  0.143359 -0.011742   73834 0.000000 0.000644 0.000004
182 100643356342.000000  -0.003252 0.002807 74337  0.000001 0.000703 -0.033356 -0.007042  0.096726 -0.007922   73863 0.000003 0.000684 0.000005
183 100649990636.500000  -0.002659 0.003694 74340  0.000001 0.000680 0.042385 0.112641  0.103230 -0.008455   73749 -0.000001 0.000657 0.000001
184 100656624931.000000  -0.002985 0.002629 74338  0.000001 0.000662 -0.037697 0.016132  0.070625 -0.005785   73828 0.000002 0.000643 0.000004
185 100663259225.500000  -0.002747 0.003202 74334  0.000002 0.000697 0.038655 0.024168  0.122319 -0.010018   73749 -0.000002 0.000675 -0.000000
186 100669893520.000000  -0.002463 0.002897 74337  0.000002 0.000659 0.023974 0.070978  0.163065 -0.013356   73701 0.000002 0.000636 -0.000000
187 100676527814.500000  -0.002962 0.002707 74332  0.000001 0.000687 -0.004361 -0.038024  0.054486 -0.004463   73863 0.000001 0.000669 0.000000
188 100683162109.000000  -0.002759 0.002770 74341  0.000002 0.000673 0.025432 0.003494  0.168510 -0.013802   73806 0.000001 0.000654 -0.000001
189 100689796403.500000  -0.003294 0.003184 74339  -0.000002 0.000671 -0.020457 0.016110  -0.163000 0.013351   73850 -0.000001 0.000652 -0.000001
190 100696430698.000000  -0.003044 0.002773 74333  0.000000 0.000680 -0.028471 -0.049822  0.036439 -0.002985   73906 0.000001 0.000663 0.000003
191 100703064992.500000  -0.002618 0.003469 74338  0.000003 0.000672 0.041531 0.114667  0.248658 -0.020366   73720 0.000002 0.000648 -0.000001
192 100709699287.000000  -0.002579 0.002837 74333  -0.000000 0.000672 -0.009070 -0.004609  -0.001757 0.000144   73813 -0.000000 0.000653 0.000005
193 100716333581.500000  -0.002803 0.002597 74344  0.000005 0.000658 -0.009012 -0.011597  0.337137 -0.027613   73803 0.000006 0.000639 0.000007
194 100722967876.000000  -0.003116 0.002869 74348  -0.000001 0.000676 0.016780 0.015560  -0.104610 0.008568   73824 -0.000003 0.000656 -0.000004
195 100729602170.500000  -0.002622 0.002487 74340  0.000003 0.000673 -0.037276 -0.046700  0.219450 -0.017974   73865 0.000004 0.000655 0.000010
196 100736236465.000000  -0.003173 0.002644 74352  -0.000001 0.000681 -0.056067 0.064803  -0.057277 0.004691   73801 0.000003 0.000659 0.000002
197 100742870759.500000  -0.002732 0.002856 74341  -0.000001 0.000658 0.002635 0.047284  -0.099255 0.008129   73742 -0.000001 0.000636 -0.000004
198 100749505054.000000  -0.002827 0.002785 74351  0.000001 0.000652 0.007433 0.085825  0.109905 -0.009002   73714 0.000000 0.000629 0.000003
199 100756139348.500000  -0.002702 0.002851 74346  -0.000001 0.000674 -0.006918 -0.019950  -0.047430 0.003885   73881 -0.000001 0.000656 0.000001
200 100762773643.000000  -0.002952 0.002570 74353  0.000001 0.000659 -0.052044 0.033886  0.110290 -0.009033   73782 0.000004 0.000638 0.000010
201 100769407937.500000  -0.002835 0.002854 74356  0.000002 0.000662 -0.008708 0.015105  0.184458 -0.015108   73851 0.000003 0.000643 0.000006
202 100776042232.000000  -0.002873 0.002944 74347  0.000000 0.000684 -0.046035 0.003928  0.011790 -0.000966   73807 0.000003 0.000663 0.000008
203 100782676526.500000  -0.002679 0.002648 74354  0.000001 0.000667 -0.005323 -0.043313  0.094420 -0.007733   73891 0.000001 0.000650 0.000001
204 100789310821.000000  -0.002910 0.002674 74348  0.000001 0.000685 -0.009803 -0.055224  0.071803 -0.005881   73885 0.000001 0.000668 0.000005
205 100795945115.500000  -0.002485 0.002677 74356  -0.000002 0.000652 -0.015266 -0.008825  -0.180557 0.014788   73829 -0.000002 0.000633 -0.000001
206 100802579410.000000  -0.002435 0.002591 74359  0.000003 0.000649 0.020717 -0.066718  0.216354 -0.017720   73894 0.000001 0.000632 -0.000002
207 100809213704.500000  -0.002610 0.002816 74352  -0.000001 0.000652 -0.003226 0.006456  -0.064613 0.005292   73825 -0.000001 0.000633 0.000001
208 100815847999.000000  -0.002456 0.003183 74353  0.000000 0.000652 0.013092 0.047052  0.027179 -0.002226   73771 -0.000001 0.000631 -0.000004
209 100822482293.500000  -0.002806 0.002656 74352  -0.000000 0.000664 0.022711 0.034482  -0.033384 0.002734   73763 -0.000001 0.000643 -0.000004
210 100829116588.000000  -0.002832 0.002580 74353  -0.000001 0.000656 -0.003962 -0.020411  -0.078911 0.006463   73864 -0.000000 0.000638 -0.000001
211 100835750882.500000  -0.002670 0.002423 74354  0.000002 0.000649 -0.019083 -0.041238  0.158612 -0.012991   73869 0.000004 0.000632 0.000001
212 100842385177.000000  -0.002793 0.002820 74343  0.000006 0.000670 -0.032815 0.004756  0.422340 -0.034592   73821 0.000008 0.000651 0.000009
213 100849019471.500000  -0.002712 0.002456 74346  0.000003 0.000647 -0.031001 -0.016349  0.187290 -0.015340   73872 0.000005 0.000630 0.000005
214 100855653766.000000  -0.002867 0.002910 74352  -0.000000 0.000680 0.010531 0.047586  -0.014581 0.001194   73800 -0.000002 0.000658 0.000003
215 100862288060.500000  -0.002706 0.002628 74347  -0.000001 0.000652 0.011443 -0.023488  -0.093192 0.007633   73829 -0.000001 0.000634 -0.000002
216 100868922355.000000  -0.002768 0.002634 74358  -0.000000 0.000666 0.008788 0.001413  -0.036148 0.002961   73839 -0.000001 0.000647 -0.000002
217 100875556649.500000  -0.002630 0.002747 74349  -0.000001 0.000632 -0.014386 0.009931  -0.067107 0.005496   73797 -0.000001 0.000613 -0.000000
218 100882190944.000000  -0.003003 0.002781 74351  0.000002 0.000668 -0.033743 -0.008116  0.117253 -0.009604   73870 0.000003 0.000649 0.000006
219 100888825238.500000  -0.002680 0.003101 74359  -0.000002 0.000676 0.004728 -0.048810  -0.175908 0.014408   73874 -0.000002 0.000658 -0.000005
220 100895459533.000000  -0.003397 0.002444 74346  -0.000002 0.000641 -0.027646 -0.002893  -0.125430 0.010273   73853 0.000000 0.000623 -0.000002
221 100902093827.500000  -0.002772 0.002886 74358  -0.000001 0.000675 -0.006656 0.052763  -0.038762 0.003175   73768 -0.000001 0.000652 0.000001
222 100908728122.000000  -0.003166 0.002499 74350  0.000001 0.000638 -0.002186 0.024672  0.049573 -0.004060   73784 0.000001 0.000618 0.000002
223 100915362416.500000  -0.002485 0.002991 74347  0.000000 0.000660 0.006099 -0.003738  0.016167 -0.001324   73876 0.000000 0.000642 -0.000001
224 100921996711.000000  -0.002845 0.002814 74364  -0.000005 0.000665 -0.003496 0.072792  -0.386498 0.031656   73726 -0.000004 0.000641 -0.000004
225 100928631005.500000  -0.002578 0.002921 74354  -0.000001 0.000637 -0.011753 0.037523  -0.040007 0.003277   73817 -0.000001 0.000617 0.000000
226 100935265300.000000  -0.002860 0.002764 74364  0.000004 0.000670 -0.005692 0.049437  0.265582 -0.021752   73796 0.000003 0.000648 0.000009
227 100941899594.500000  -0.002585 0.002574 74362  0.000003 0.000647 -0.008042 0.023039  0.203725 -0.016686   73785 0.000003 0.000626 0.000004
228 100948533889.000000  -0.002757 0.003058 74371  0.000003 0.000653 0.017133 0.038126  0.189528 -0.015523   73800 0.000002 0.000632 0.000001
229 100955168183.500000  -0.002904 0.002900 74373  -0.000001 0.000690 -0.037967 -0.012910  -0.046794 0.003833   73852 0.000001 0.000670 0.000005
230 100961802478.000000  -0.002783 0.002884 74368  -0.000001 0.000657 -0.014896 -0.020791  -0.082538 0.006760   73900 -0.000001 0.000639 0.000001
231 100968436772.500000  -0.003046 0.003096 74367  -0.000001 0.000688 0.024330 0.028572  -0.052936 0.004336   73823 -0.000001 0.000668 -0.000008
232 100975071067.000000  -0.002601 0.002550 74365  0.000006 0.000645 -0.012087 0.016116  0.461195 -0.037774   73865 0.000006 0.000627 0.000008
233 100981705361.500000  -0.002850 0.002781 74370  -0.000001 0.000679 0.010314 0.060290  -0.087172 0.007140   73762 -0.000002 0.000656 -0.000001
234 100988339656.000000  -0.002795 0.002505 74365  -0.000002 0.000625 -0.049925 0.009672  -0.151358 0.012397   73868 0.000000 0.000607 0.000004
235 100994973950.500000  -0.002744 0.002821 74365  -0.000001 0.000657 -0.010072 0.029997  -0.062889 0.005151   73792 0.000001 0.000636 -0.000002
236 101001608245.000000  -0.003135 0.002642 74362  0.000003 0.000688 0.019372 -0.000762  0.196402 -0.016086   73828 0.000003 0.000668 0.000000
237 101008242539.500000  -0.002974 0.002665 74366  0.000001 0.000665 -0.008055 0.017328  0.052314 -0.004285   73844 0.000001 0.000645 0.000001
238 101014876834.000000  -0.002799 0.003095 74364  -0.000001 0.000677 -0.020743 0.056960  -0.084326 0.006907   73775 0.000000 0.000655 0.000002
239 101021511128.500000  -0.003246 0.002617 74370  0.000002 0.000656 -0.034917 0.028605  0.170798 -0.013989   73850 0.000004 0.000637 0.000006
240 101028145423.000000  -0.002906 0.002703 74370  0.000001 0.000680 0.005227 -0.031774  0.068476 -0.005609   73906 0.000002 0.000663 -0.000002
241 101034779717.500000  -0.002844 0.002690 74366  -0.000005 0.000686 -0.005030 -0.065536  -0.364638 0.029866   73921 -0.000005 0.000669 -0.000006
242 101041414012.000000  -0.002714 0.002842 74371  -0.000000 0.000656 0.064448 0.058205  -0.007647 0.000626   73772 -0.000003 0.000634 -0.000007
243 101048048306.500000  -0.002637 0.002885 74363  0.000001 0.000678 -0.016005 -0.012054  0.073964 -0.006058   73880 0.000002 0.000660 0.000004
244 101054682601.000000  -0.002733 0.002399 74374  0.000002 0.000641 -0.012279 0.001444  0.172063 -0.014093   73869 0.000003 0.000623 0.000001
245 101061316895.500000  -0.002878 0.002623 74381  -0.000003 0.000660 0.016503 -0.021997  -0.249289 0.020418   73896 -0.000002 0.000642 -0.000006
246 101067951190.000000  -0.002958 0.002821 74376  0.000001 0.000678 0.031253 0.093944  0.094686 -0.007755   73731 -0.000001 0.000654 -0.000004
247 101074585484.500000  -0.002991 0.002900 74384  0.000000 0.000674 -0.002807 0.018186  0.007496 -0.000614   73835 -0.000000 0.000653 0.000002
248 101081219779.000000  -0.003374 0.002735 74378  0.000001 0.000690 0.005758 0.011851  0.080938 -0.006629   73865 0.000001 0.000669 -0.000000
249 101087854073.500000  -0.002782 0.002785 74380  0.000000 0.000651 0.009767 -0.006599  0.034075 -0.002791   73896 0.000000 0.000633 -0.000002
250 101094488368.000000  -0.002885 0.002773 74374  -0.000001 0.000677 -0.014651 -0.020077  -0.072038 0.005900   73888 -0.000000 0.000658 0.000001
251 101101122662.500000  -0.002503 0.003003 74384  -0.000003 0.000663 0.008256 0.001898  -0.206444 0.016909   73886 -0.000003 0.000644 -0.000004
252 101107756957.000000  -0.002935 0.003120 74383  -0.000001 0.000660 0.012801 0.071839  -0.072518 0.005940   73828 -0.000000 0.000639 -0.000004
253 101114391251.500000  -0.003041 0.003824 74378  0.000002 0.000677 0.016387 0.060792  0.156010 -0.012778   73836 0.000001 0.000656 0.000003
254 101121025546.000000  -0.002766 0.002867 74389  0.000003 0.000671 -0.009040 0.002339  0.221215 -0.018119   73882 0.000003 0.000652 0.000005
255 101127659840.500000  -0.002851 0.003112 74385  0.000001 0.000700 -0.010713 -0.004529  0.068307 -0.005595   73882 0.000001 0.000681 0.000001
256 101134294135.000000  -0.002797 0.002603 74394  0.000004 0.000652 0.008674 -0.028137  0.280336 -0.022961   73907 0.000003 0.000634 0.000002
257 101140928429.500000  -0.002600 0.002989 74395  -0.000001 0.000662 -0.020314 -0.026372  -0.049460 0.004051   73923 0.000001 0.000644 0.000002
258 101147562724.000000  -0.003157 0.002987 74390  -0.000000 0.000705 -0.022977 -0.006690  -0.006724 0.000551   73900 0.000001 0.000686 0.000002
259 101154197018.500000  -0.002753 0.002518 74392  -0.000001 0.000664 0.014495 -0.050493  -0.099270 0.008131   73929 -0.000001 0.000647 -0.000009
260 101160831313.000000  -0.003526 0.003125 74384  0.000003 0.000679 -0.007359 0.035696  0.199983 -0.016380   73858 0.000002 0.000659 0.000003
261 101167465607.500000  -0.002641 0.002950 74385  -0.000004 0.000644 0.015300 0.056430  -0.264298 0.021647   73781 -0.000004 0.000623 -0.000007
262 101174099902.000000  -0.002976 0.002652 74388  0.000002 0.000651 -0.055098 -0.026284  0.145719 -0.011935   73899 0.000005 0.000633 0.000006
263 101180734196.500000  -0.002646 0.002780 74385  -0.000001 0.000664 0.048478 0.008135  -0.081161 0.006647   73851 -0.000002 0.000644 -0.000006
264 101187368491.000000  -0.003013 0.002887 74387  -0.000003 0.000662 -0.010848 0.003049  -0.252786 0.020704   73842 -0.000002 0.000642 -0.000001
265 101194002785.500000  -0.002803 0.002760 74385  -0.000002 0.000670 0.000304 -0.001089  -0.150106 0.012294   73828 -0.000002 0.000650 -0.000004
266 101200637080.000000  -0.002747 0.002710 74385  -0.000002 0.000675 -0.022729 0.019094  -0.150618 0.012336   73819 -0.000001 0.000654 0.000001
267 101207271374.500000  -0.002812 0.002680 74384  -0.000002 0.000662 0.010268 0.037289  -0.137145 0.011233   73806 -0.000003 0.000641 -0.000006
268 101213905669.000000  -0.002528 0.002937 74375  -0.000002 0.000668 0.015200 -0.032284  -0.171827 0.014074   73898 -0.000003 0.000651 -0.000001
269 101220539963.500000  -0.002479 0.002618 74376  0.000001 0.000663 -0.008396 -0.064841  0.107204 -0.008781   73939 0.000002 0.000647 0.000000
270 101227174258.000000  -0.002662 0.002808 74383  0.000000 0.000660 0.032813 -0.010822  0.015126 -0.001239   73867 -0.000002 0.000641 -0.000004
271 101233808552.500000  -0.002897 0.003114 74376  -0.000001 0.000643 0.024759 0.019833  -0.088224 0.007226   73887 -0.000002 0.000624 -0.000005
272 101240442847.000000  -0.002995 0.002792 74378  0.000002 0.000677 0.002778 -0.039334  0.119966 -0.009826   73921 0.000001 0.000659 0.000000
273 101247077141.500000  -0.002779 0.002866 74376  0.000003 0.000669 -0.006608 -0.006899  0.227344 -0.018621   73845 0.000004 0.000650 0.000006
274 101253711436.000000  -0.002771 0.002757 74380  -0.000003 0.000660 -0.001037 0.027210  -0.214892 0.017601   73801 -0.000002 0.000639 -0.000005
275 101260345730.500000  -0.002724 0.002648 74367  -0.000000 0.000654 0.008406 -0.053574  -0.008953 0.000733   73943 -0.000001 0.000639 -0.000000
276 101266980025.000000  -0.003052 0.002906 74369  -0.000000 0.000651 0.017737 0.003512  -0.018477 0.001513   73858 -0.000002 0.000632 -0.000001
277 101273614319.500000  -0.002970 0.003088 74363  -0.000001 0.000685 -0.001646 0.017852  -0.109316 0.008953   73822 -0.000001 0.000665 -0.000003
278 101280248614.000000  -0.002681 0.002766 74367  0.000001 0.000659 -0.030715 0.009291  0.083581 -0.006846   73848 0.000003 0.000639 0.000005
279 101286882908.500000  -0.002603 0.002876 74365  0.000001 0.000663 -0.010538 0.034077  0.063828 -0.005228   73771 0.000002 0.000642 0.000005
280 101293517203.000000  -0.003077 0.002786 74360  -0.000001 0.000688 0.006458 0.002877  -0.075500 0.006184   73841 -0.000002 0.000668 -0.000007
281 101300151497.500000  -0.002719 0.003512 74361  -0.000001 0.000716 0.001235 0.020481  -0.077554 0.006352   73802 -0.000000 0.000694 -0.000002
282 101306785792.000000  -0.003116 0.003169 74360  -0.000003 0.000751 0.021096 0.018228  -0.200068 0.016387   73782 -0.000004 0.000727 -0.000005
