# iz z min  max  N  mean sigma skew kurt sum sum  robust[N mean sig med]
1 113867934337.500000  -0.008820 0.007683 68661  0.000010 0.001973 -0.024297 0.202862  0.675560 -0.056629   67939 0.000020 0.001888 -0.000020
2 113874724185.000000  -0.006968 0.007924 68639  0.000006 0.001881 0.048343 -0.081401  0.444353 -0.037248   68278 0.000000 0.001840 0.000010
3 113881514032.500000  -0.007032 0.006960 68638  0.000023 0.001902 0.032059 -0.040357  1.560922 -0.130845   68225 0.000025 0.001856 -0.000018
4 113888303880.000000  -0.008437 0.008855 68639  -0.000005 0.001880 0.009358 0.264136  -0.321026 0.026910   67949 -0.000009 0.001796 0.000009
5 113895093727.500000  -0.006472 0.006026 68639  0.000035 0.001809 -0.051392 -0.174721  2.416726 -0.202583   68381 0.000041 0.001782 0.000062
6 113901883575.000000  -0.006166 0.008118 68641  -0.000013 0.001789 0.007067 -0.027617  -0.904921 0.075855   68236 -0.000021 0.001746 0.000003
7 113908673422.500000  -0.007327 0.007958 68641  0.000019 0.001941 -0.088465 -0.036693  1.303160 -0.109238   68207 0.000033 0.001888 0.000040
8 113915463270.000000  -0.006492 0.006454 68644  -0.000007 0.001794 -0.040387 0.090308  -0.455598 0.038191   67990 -0.000003 0.001724 0.000014
9 113922253117.500000  -0.007710 0.006796 68646  -0.000000 0.001933 -0.032533 -0.153206  -0.026349 0.002209   68338 0.000002 0.001898 0.000014
10 113929042965.000000  -0.007363 0.008067 68647  0.000016 0.001859 0.051828 0.014489  1.084124 -0.090877   68174 0.000011 0.001806 -0.000008
11 113935832812.500000  -0.006992 0.006953 68644  0.000028 0.001890 -0.048353 -0.059081  1.932780 -0.162016   68195 0.000037 0.001841 0.000051
12 113942622660.000000  -0.007947 0.007543 68645  0.000006 0.001904 -0.062995 -0.028222  0.404324 -0.033893   68253 0.000017 0.001855 0.000041
13 113949412507.500000  -0.007478 0.006274 68650  0.000022 0.001862 -0.074527 0.001785  1.532904 -0.128496   68107 0.000040 0.001803 0.000043
14 113956202355.000000  -0.007034 0.006873 68653  0.000016 0.001935 -0.005182 -0.007755  1.112005 -0.093214   68155 0.000017 0.001881 0.000012
15 113962992202.500000  -0.006960 0.008082 68653  0.000002 0.001902 -0.001764 0.098456  0.168351 -0.014112   68036 0.000002 0.001832 0.000004
16 113969782050.000000  -0.006792 0.007980 68651  0.000003 0.001891 0.011856 -0.031379  0.181996 -0.015256   68239 0.000001 0.001843 0.000007
17 113976571897.500000  -0.006955 0.007360 68653  -0.000016 0.001958 0.112636 -0.048817  -1.110651 0.093101   68214 -0.000034 0.001907 -0.000045
18 113983361745.000000  -0.007858 0.007410 68652  -0.000005 0.001898 0.090744 0.161279  -0.346873 0.029077   67892 -0.000017 0.001813 -0.000058
19 113990151592.500000  -0.006583 0.006831 68651  0.000013 0.001937 -0.036632 -0.104517  0.894665 -0.074996   68277 0.000019 0.001896 0.000032
20 113996941440.000000  -0.006606 0.007612 68655  -0.000006 0.001942 0.006171 -0.241440  -0.401808 0.033682   68457 -0.000009 0.001919 0.000008
21 114003731287.500000  -0.009288 0.007440 68656  -0.000016 0.002031 -0.093499 -0.009508  -1.096198 0.091889   68209 -0.000001 0.001974 0.000010
22 114010521135.000000  -0.006087 0.007308 68659  0.000013 0.001851 0.082814 -0.096243  0.911717 -0.076425   68260 -0.000002 0.001810 -0.000018
23 114017310982.500000  -0.006610 0.006311 68659  0.000006 0.001818 -0.016663 -0.019624  0.404097 -0.033874   68140 0.000009 0.001766 0.000001
24 114024100830.000000  -0.008244 0.007653 68659  -0.000016 0.001966 -0.022535 0.165620  -1.130230 0.094742   67964 -0.000014 0.001883 -0.000009
25 114030890677.500000  -0.008086 0.006830 68659  0.000013 0.001993 -0.042545 0.090154  0.905523 -0.075906   68042 0.000021 0.001918 0.000020
26 114037680525.000000  -0.007027 0.008644 68659  -0.000007 0.001960 0.054518 0.030167  -0.459453 0.038514   68197 -0.000014 0.001904 -0.000024
27 114044470372.500000  -0.007130 0.007026 68658  -0.000006 0.001956 -0.057662 -0.027170  -0.426122 0.035720   68170 -0.000002 0.001900 0.000025
28 114051260220.000000  -0.007728 0.007159 68660  -0.000026 0.001959 -0.096122 -0.010595  -1.786994 0.149795   68186 -0.000012 0.001903 0.000022
29 114058050067.500000  -0.007320 0.007150 68663  -0.000012 0.001995 0.010344 -0.022586  -0.854450 0.071625   68122 -0.000014 0.001933 -0.000018
30 114064839915.000000  -0.009126 0.008507 68663  0.000034 0.002013 -0.015923 0.112518  2.335572 -0.195780   68139 0.000037 0.001944 0.000041
31 114071629762.500000  -0.006427 0.006851 68660  -0.000009 0.001881 0.026288 -0.052991  -0.646518 0.054195   68196 -0.000018 0.001830 -0.000001
32 114078419610.000000  -0.007027 0.007626 68660  0.000014 0.001992 0.029720 0.008480  0.978326 -0.082008   68114 0.000015 0.001928 -0.000006
33 114085209457.500000  -0.006901 0.007368 68657  -0.000001 0.001951 -0.013530 -0.015356  -0.075100 0.006295   68153 0.000001 0.001894 0.000009
34 114091999305.000000  -0.008266 0.007411 68655  -0.000011 0.002050 -0.013025 0.127383  -0.761390 0.063824   67939 0.000004 0.001967 -0.000039
35 114098789152.500000  -0.007074 0.007678 68655  0.000006 0.001998 -0.016782 0.113623  0.407260 -0.034139   67935 0.000010 0.001916 0.000012
36 114105579000.000000  -0.007982 0.008829 68657  -0.000002 0.002009 -0.033151 0.006011  -0.142033 0.011906   68225 -0.000006 0.001953 0.000029
37 114112368847.500000  -0.007361 0.008740 68657  -0.000014 0.001958 0.045392 0.077671  -0.938545 0.078674   68143 -0.000026 0.001893 -0.000030
38 114119158695.000000  -0.009461 0.008786 68656  -0.000010 0.002092 0.063439 0.257568  -0.679441 0.056954   67997 -0.000021 0.001999 -0.000026
39 114125948542.500000  -0.007731 0.007914 68656  0.000001 0.002065 0.010497 -0.092926  0.073858 -0.006191   68286 0.000002 0.002020 -0.000015
40 114132738390.000000  -0.008377 0.008120 68656  -0.000010 0.001994 0.020629 0.193968  -0.664879 0.055734   67977 -0.000015 0.001909 -0.000034
41 114139528237.500000  -0.007596 0.007666 68658  -0.000027 0.001910 -0.062665 0.053526  -1.852307 0.155270   68132 -0.000020 0.001848 0.000006
42 114146318085.000000  -0.008115 0.007547 68658  -0.000004 0.002093 -0.058796 -0.034213  -0.286402 0.024008   68132 0.000015 0.002028 0.000005
43 114153107932.500000  -0.007049 0.008171 68659  -0.000031 0.002029 0.075980 -0.017945  -2.136442 0.179088   68172 -0.000042 0.001970 -0.000073
44 114159897780.000000  -0.007720 0.008641 68662  -0.000015 0.002030 0.119652 0.105853  -1.039956 0.087175   68033 -0.000039 0.001954 -0.000067
45 114166687627.500000  -0.007164 0.008575 68663  0.000006 0.001982 0.093471 0.138653  0.411930 -0.034530   68014 -0.000018 0.001905 -0.000014
46 114173477475.000000  -0.007692 0.007174 68664  -0.000011 0.002060 -0.000739 -0.015461  -0.730154 0.061205   68159 -0.000017 0.002001 0.000003
47 114180267322.500000  -0.008607 0.007574 68659  0.000006 0.002028 -0.059230 0.135158  0.445006 -0.037303   67986 0.000011 0.001946 0.000048
48 114187057170.000000  -0.007550 0.007145 68661  0.000016 0.001960 0.053646 0.114026  1.073002 -0.089945   67935 0.000016 0.001877 -0.000032
49 114193847017.500000  -0.007403 0.007116 68662  0.000029 0.001931 0.021740 0.067156  1.981188 -0.166074   68014 0.000035 0.001857 0.000003
50 114200636865.000000  -0.007372 0.007173 68664  0.000009 0.002046 -0.095129 -0.034845  0.618067 -0.051810   68155 0.000019 0.001985 0.000060
51 114207426712.500000  -0.006801 0.009549 68666  -0.000009 0.002016 0.102941 0.040810  -0.591165 0.049555   68162 -0.000025 0.001951 -0.000051
52 114214216560.000000  -0.007521 0.007530 68664  -0.000013 0.002012 0.038262 -0.028043  -0.872100 0.073104   68178 -0.000014 0.001956 -0.000047
53 114221006407.500000  -0.009125 0.008059 68662  -0.000011 0.002170 -0.030687 0.009221  -0.780097 0.065392   68181 -0.000005 0.002107 0.000013
54 114227796255.000000  -0.007968 0.007655 68660  -0.000008 0.002018 -0.015700 -0.045706  -0.551212 0.046206   68213 -0.000006 0.001964 -0.000007
55 114234586102.500000  -0.006554 0.009213 68659  0.000029 0.002053 0.094863 0.029619  2.007656 -0.168292   68063 0.000013 0.001983 0.000007
56 114241375950.000000  -0.008287 0.007181 68661  -0.000006 0.002144 -0.060246 -0.145870  -0.440203 0.036900   68308 0.000003 0.002101 0.000032
57 114248165797.500000  -0.007897 0.008911 68659  0.000018 0.002094 0.052118 0.039121  1.242628 -0.104164   68096 0.000005 0.002023 0.000003
58 114254955645.000000  -0.007857 0.007233 68658  0.000013 0.002009 0.027527 -0.113495  0.902457 -0.075649   68321 0.000010 0.001968 -0.000009
59 114261745492.500000  -0.008602 0.007323 68660  0.000025 0.002095 -0.097625 0.049609  1.707341 -0.143118   68047 0.000042 0.002018 0.000068
60 114268535340.000000  -0.007644 0.008131 68660  0.000022 0.002008 0.041695 0.011172  1.513115 -0.126837   68228 0.000014 0.001954 0.000020
61 114275325187.500000  -0.008184 0.007810 68657  -0.000014 0.002050 0.045958 -0.042649  -0.983224 0.082419   68241 -0.000026 0.001997 -0.000047
62 114282115035.000000  -0.006704 0.008037 68656  -0.000012 0.001968 0.059316 0.019220  -0.835957 0.070074   68169 -0.000026 0.001911 -0.000026
63 114288904882.500000  -0.009640 0.009274 68658  0.000015 0.002128 -0.023351 -0.006413  1.061007 -0.088939   68298 0.000019 0.002077 0.000034
64 114295694730.000000  -0.008651 0.009967 68657  0.000003 0.002141 -0.001930 0.237850  0.186062 -0.015597   67986 -0.000001 0.002049 0.000002
65 114302484577.500000  -0.007574 0.008198 68655  -0.000005 0.001947 0.056781 0.028200  -0.349698 0.029314   68197 -0.000020 0.001891 -0.000006
66 114309274425.000000  -0.008878 0.009144 68656  -0.000008 0.002052 -0.034903 0.054233  -0.578946 0.048530   68119 -0.000006 0.001983 0.000007
67 114316064272.500000  -0.007100 0.007163 68655  -0.000011 0.002029 0.024118 -0.036042  -0.721564 0.060485   68174 -0.000009 0.001972 -0.000026
68 114322854120.000000  -0.008334 0.007599 68657  -0.000005 0.002050 0.009305 -0.081275  -0.373379 0.031299   68275 -0.000003 0.002003 -0.000018
69 114329643967.500000  -0.007380 0.007228 68658  -0.000003 0.002016 -0.055809 0.024621  -0.194988 0.016345   68107 -0.000004 0.001952 0.000054
70 114336433815.000000  -0.007094 0.008136 68660  -0.000026 0.002035 0.038488 -0.008570  -1.792905 0.150291   68161 -0.000033 0.001975 -0.000038
71 114343223662.500000  -0.007545 0.007126 68661  -0.000001 0.002004 -0.046850 0.000640  -0.064962 0.005445   68156 -0.000000 0.001943 0.000028
72 114350013510.000000  -0.006815 0.007499 68664  0.000001 0.002005 0.058971 -0.092927  0.043086 -0.003612   68286 -0.000006 0.001961 -0.000037
73 114356803357.500000  -0.008648 0.008690 68683  -0.000009 0.002081 -0.005396 0.071993  -0.606033 0.050801   68172 -0.000005 0.002018 -0.000025
74 114363593205.000000  -0.008327 0.008237 68646  -0.000006 0.002038 0.036195 -0.031019  -0.420473 0.035246   68229 -0.000008 0.001986 -0.000040
75 114370383052.500000  -0.007392 0.006825 68661  0.000009 0.002029 -0.012524 0.038219  0.633227 -0.053080   68051 0.000015 0.001959 0.000026
76 114377172900.000000  -0.008262 0.007673 68660  0.000015 0.002021 0.021471 -0.059822  1.054058 -0.088357   68270 0.000011 0.001971 0.000014
77 114383962747.500000  -0.007500 0.008438 68658  0.000001 0.002093 0.017171 -0.049551  0.071957 -0.006032   68267 -0.000002 0.002041 -0.000010
78 114390752595.000000  -0.007700 0.007520 68658  0.000032 0.002007 -0.098468 -0.091643  2.192633 -0.183798   68256 0.000042 0.001959 0.000096
79 114397542442.500000  -0.008130 0.007540 68659  0.000003 0.002106 0.060133 0.009067  0.190117 -0.015937   68125 -0.000006 0.002038 -0.000025
80 114404332290.000000  -0.007326 0.008292 68661  -0.000018 0.002072 0.110592 0.131751  -1.269652 0.106429   68009 -0.000039 0.001990 -0.000060
81 114411122137.500000  -0.007876 0.007611 68663  0.000016 0.002111 0.037375 0.017337  1.121627 -0.094021   68117 0.000013 0.002043 -0.000008
82 114417911985.000000  -0.009240 0.009023 68662  -0.000001 0.002143 0.028368 0.083018  -0.069803 0.005851   68016 -0.000004 0.002061 -0.000034
83 114424701832.500000  -0.008828 0.007209 68660  -0.000027 0.002066 -0.055693 0.019225  -1.819873 0.152551   68181 -0.000016 0.002005 -0.000014
84 114431491680.000000  -0.008430 0.007699 68658  -0.000012 0.002121 0.005760 0.080727  -0.842855 0.070653   68073 -0.000021 0.002046 -0.000014
85 114438281527.500000  -0.008233 0.007349 68659  -0.000029 0.002135 -0.009901 -0.002803  -1.970154 0.165149   68155 -0.000028 0.002071 -0.000007
86 114445071375.000000  -0.007658 0.009531 68658  -0.000005 0.002099 -0.061324 0.008098  -0.315016 0.026406   68123 0.000008 0.002033 0.000027
87 114451861222.500000  -0.009378 0.008856 68659  0.000013 0.002070 -0.038357 0.158128  0.919983 -0.077118   68046 0.000016 0.001992 0.000040
88 114458651070.000000  -0.008237 0.008419 68657  0.000009 0.002139 -0.015266 -0.032242  0.595108 -0.049885   68249 0.000012 0.002085 0.000021
89 114465440917.500000  -0.008332 0.007325 68654  -0.000010 0.002093 -0.049774 0.010553  -0.654695 0.054880   68117 0.000001 0.002027 -0.000011
90 114472230765.000000  -0.007885 0.007394 68654  -0.000008 0.002025 0.019763 -0.071920  -0.538515 0.045141   68237 -0.000008 0.001975 -0.000025
91 114479020612.500000  -0.007561 0.007103 68654  0.000015 0.002032 0.014003 0.006320  1.018594 -0.085384   68079 0.000017 0.001966 -0.000011
92 114485810460.000000  -0.007677 0.008403 68656  -0.000011 0.002076 0.022593 0.069238  -0.783766 0.065699   68082 -0.000006 0.002003 -0.000047
93 114492600307.500000  -0.007299 0.007920 68655  0.000021 0.002055 0.061546 -0.164743  1.476068 -0.123732   68368 0.000008 0.002019 0.000023
94 114499390155.000000  -0.009195 0.006944 68655  0.000011 0.002115 -0.033360 -0.119931  0.779084 -0.065307   68341 0.000025 0.002073 -0.000001
95 114506180002.500000  -0.007086 0.008297 68655  -0.000004 0.002128 0.083571 -0.006111  -0.308026 0.025820   68173 -0.000022 0.002066 -0.000029
96 114512969850.000000  -0.006783 0.007215 68657  -0.000036 0.002074 0.010704 -0.131328  -2.449713 0.205348   68308 -0.000042 0.002033 -0.000036
97 114519759697.500000  -0.008803 0.007321 68657  0.000013 0.002116 0.004325 -0.027344  0.907354 -0.076059   68171 0.000013 0.002057 0.000005
98 114526549545.000000  -0.007148 0.009295 68657  -0.000014 0.002123 0.105801 0.001738  -0.930536 0.078002   68166 -0.000035 0.002062 -0.000042
99 114533339392.500000  -0.008765 0.008487 68661  -0.000011 0.002112 -0.103890 0.257265  -0.754124 0.063215   67795 0.000008 0.002002 0.000043
100 114540129240.000000  -0.008522 0.008197 68662  -0.000030 0.002070 0.063225 0.038521  -2.077417 0.174140   68124 -0.000045 0.002003 -0.000036
101 114546919087.500000  -0.007755 0.007856 68668  0.000026 0.002223 -0.009273 -0.010404  1.777604 -0.149008   68118 0.000027 0.002154 0.000049
102 114553708935.000000  -0.008433 0.008369 68667  -0.000008 0.002285 0.016076 0.030467  -0.573311 0.048058   68138 -0.000011 0.002214 -0.000005
103 114560498782.500000  -0.007215 0.007636 68664  0.000002 0.002134 -0.028305 -0.100268  0.128276 -0.010753   68248 -0.000006 0.002084 0.000049
104 114567288630.000000  -0.008764 0.008194 68664  -0.000012 0.002172 0.024503 -0.074655  -0.837750 0.070225   68302 -0.000013 0.002124 -0.000041
105 114574078477.500000  -0.009073 0.009132 68662  -0.000021 0.002246 0.010365 0.002376  -1.457817 0.122202   68191 -0.000021 0.002179 -0.000018
106 114580868325.000000  -0.007591 0.009308 68667  0.000023 0.002082 0.064808 0.115412  1.590505 -0.133325   68092 0.000016 0.002008 0.000003
107 114587658172.500000  -0.008924 0.008705 68665  0.000003 0.002127 -0.047088 -0.000791  0.180103 -0.015097   68242 0.000014 0.002071 -0.000000
108 114594448020.000000  -0.008073 0.007768 68662  0.000011 0.002122 -0.142187 0.060036  0.779315 -0.065326   68082 0.000032 0.002046 0.000076
109 114601237867.500000  -0.008444 0.007177 68664  -0.000020 0.002094 -0.015111 -0.014339  -1.344527 0.112705   68200 -0.000015 0.002035 -0.000039
110 114608027715.000000  -0.007327 0.007695 68665  0.000012 0.002158 -0.007722 -0.061453  0.857151 -0.071851   68192 0.000011 0.002099 0.000037
111 114614817562.500000  -0.007462 0.008494 68663  0.000001 0.002157 0.037594 -0.184185  0.096309 -0.008073   68399 -0.000004 0.002122 -0.000007
112 114621607410.000000  -0.008271 0.008222 68661  -0.000011 0.002092 -0.022730 0.069173  -0.752458 0.063075   68104 -0.000004 0.002020 -0.000006
113 114628397257.500000  -0.007735 0.008772 68661  0.000012 0.002112 0.113836 -0.095139  0.798188 -0.066908   68278 -0.000001 0.002062 -0.000046
114 114635187105.000000  -0.009018 0.008860 68659  0.000011 0.002136 -0.009027 -0.040441  0.774254 -0.064902   68218 0.000014 0.002078 0.000010
115 114641976952.500000  -0.008675 0.007571 68656  0.000012 0.002194 -0.126531 0.062120  0.824403 -0.069106   68035 0.000034 0.002112 0.000058
116 114648766800.000000  -0.009498 0.008385 68657  0.000001 0.002146 -0.027026 -0.053633  0.078257 -0.006560   68285 0.000009 0.002094 0.000005
117 114655556647.500000  -0.010867 0.007962 68657  -0.000011 0.002141 -0.102531 0.232138  -0.775188 0.064980   68068 0.000007 0.002058 0.000007
118 114662346495.000000  -0.008102 0.008056 68656  0.000039 0.002112 -0.044289 -0.033894  2.657598 -0.222774   68217 0.000045 0.002056 0.000044
119 114669136342.500000  -0.008988 0.007827 68656  -0.000008 0.002183 0.016780 0.032474  -0.536611 0.044982   68144 -0.000009 0.002116 -0.000019
120 114675926190.000000  -0.008504 0.008479 68658  -0.000019 0.002216 -0.043044 -0.162459  -1.319031 0.110568   68367 -0.000020 0.002175 0.000024
121 114682716037.500000  -0.009065 0.007253 68660  -0.000035 0.002112 -0.073639 -0.019533  -2.425962 0.203357   68200 -0.000023 0.002054 0.000021
122 114689505885.000000  -0.008659 0.008813 68659  -0.000032 0.002195 0.055027 -0.085099  -2.210674 0.185310   68291 -0.000036 0.002144 -0.000078
123 114696295732.500000  -0.008489 0.008597 68659  -0.000013 0.002133 -0.027869 0.040541  -0.911384 0.076397   68117 -0.000008 0.002064 0.000004
124 114703085580.000000  -0.008434 0.009073 68657  -0.000053 0.002172 -0.017359 0.028046  -3.660328 0.306828   68124 -0.000045 0.002103 -0.000034
125 114709875427.500000  -0.008102 0.007085 68656  -0.000001 0.002141 0.002747 -0.164222  -0.063586 0.005330   68372 0.000007 0.002105 -0.000027
126 114716665275.000000  -0.007820 0.008551 68653  0.000011 0.002230 0.007290 -0.140033  0.744827 -0.062435   68333 0.000008 0.002188 0.000011
127 114723455122.500000  -0.007848 0.008466 68657  -0.000005 0.002161 -0.045875 0.046801  -0.354241 0.029694   68105 -0.000001 0.002089 0.000013
128 114730244970.000000  -0.007884 0.010288 68657  -0.000021 0.002121 -0.044139 0.028078  -1.460144 0.122397   68211 -0.000011 0.002062 0.000002
129 114737034817.500000  -0.008234 0.007231 68660  -0.000024 0.002139 -0.007309 -0.145056  -1.637038 0.137225   68322 -0.000026 0.002097 -0.000036
130 114743824665.000000  -0.009929 0.009253 68660  -0.000019 0.002197 -0.046806 0.260873  -1.271724 0.106603   67922 -0.000007 0.002095 -0.000013
131 114750614512.500000  -0.009243 0.008589 68660  -0.000026 0.002281 0.019642 -0.045356  -1.763753 0.147847   68209 -0.000031 0.002218 -0.000031
132 114757404360.000000  -0.009943 0.008313 68659  -0.000011 0.002238 0.022557 -0.042748  -0.783556 0.065682   68274 -0.000011 0.002184 -0.000035
133 114764194207.500000  -0.007722 0.008479 68660  -0.000013 0.002227 0.031227 -0.108739  -0.862568 0.072305   68275 -0.000018 0.002180 -0.000033
134 114770984055.000000  -0.009877 0.008195 68660  -0.000029 0.002235 0.012077 0.003520  -2.024453 0.169700   68196 -0.000024 0.002172 -0.000068
135 114777773902.500000  -0.009022 0.010119 68660  0.000004 0.002266 0.086338 0.102141  0.264769 -0.022194   68178 -0.000010 0.002192 -0.000047
136 114784563750.000000  -0.008751 0.007952 68659  -0.000009 0.002348 -0.003434 0.057099  -0.589192 0.049389   68073 0.000001 0.002268 -0.000011
137 114791353597.500000  -0.007833 0.009640 68658  0.000027 0.002295 -0.001155 -0.136352  1.828587 -0.153282   68351 0.000016 0.002251 0.000047
138 114798143445.000000  -0.007734 0.009022 68659  0.000029 0.002179 0.110030 -0.101725  1.989895 -0.166804   68299 0.000015 0.002132 -0.000010
139 114804933292.500000  -0.008282 0.008091 68656  -0.000012 0.002264 0.071467 -0.096840  -0.830940 0.069654   68275 -0.000011 0.002213 -0.000073
140 114811723140.000000  -0.008949 0.008381 68655  -0.000044 0.002338 -0.024838 0.055809  -3.008273 0.252169   68054 -0.000043 0.002254 -0.000017
141 114818512987.500000  -0.008096 0.008926 68652  0.000041 0.002218 0.111319 -0.180818  2.806349 -0.235243   68352 0.000026 0.002178 -0.000007
142 114825302835.000000  -0.008842 0.007832 68652  -0.000008 0.002241 -0.024610 -0.133690  -0.576532 0.048328   68310 -0.000004 0.002194 -0.000007
143 114832092682.500000  -0.007651 0.007403 68657  -0.000040 0.002150 -0.096870 -0.088987  -2.752526 0.230731   68231 -0.000023 0.002099 0.000020
144 114838882530.000000  -0.010555 0.008779 68653  -0.000025 0.002177 -0.123568 0.125181  -1.725748 0.144661   68101 -0.000009 0.002100 0.000030
145 114845672377.500000  -0.008604 0.009196 68654  0.000038 0.002298 -0.000585 0.105781  2.588987 -0.217023   68031 0.000031 0.002213 0.000047
146 114852462225.000000  -0.008923 0.009641 68671  0.000028 0.002235 -0.012948 0.040224  1.900491 -0.159309   68179 0.000036 0.002166 0.000028
147 114859252072.500000  -0.008386 0.009355 68641  0.000018 0.002308 0.101521 -0.032312  1.211272 -0.101535   68168 0.000003 0.002242 -0.000037
148 114866041920.000000  -0.007668 0.008807 68655  0.000007 0.002195 0.057160 0.053257  0.471747 -0.039544   68119 -0.000013 0.002123 0.000010
149 114872831767.500000  -0.009310 0.009320 68655  -0.000035 0.002244 -0.011223 0.143208  -2.382544 0.199717   68051 -0.000033 0.002158 -0.000032
150 114879621615.000000  -0.007584 0.009730 68656  -0.000003 0.002280 0.062141 -0.126833  -0.218701 0.018333   68341 -0.000006 0.002239 -0.000004
151 114886411462.500000  -0.007568 0.008249 68660  -0.000034 0.002282 -0.038074 -0.080184  -2.358659 0.197715   68260 -0.000036 0.002230 0.000017
152 114893201310.000000  -0.007931 0.008662 68661  -0.000026 0.002279 0.040385 -0.058373  -1.802343 0.151082   68233 -0.000035 0.002222 -0.000026
153 114899991157.500000  -0.008289 0.008565 68657  0.000002 0.002272 0.041433 -0.066964  0.128376 -0.010761   68219 -0.000005 0.002215 -0.000039
154 114906781005.000000  -0.008345 0.008558 68656  0.000012 0.002283 -0.033791 0.044422  0.809002 -0.067815   68065 0.000024 0.002203 -0.000002
155 114913570852.500000  -0.010178 0.009434 68652  0.000008 0.002391 0.002292 0.264409  0.581648 -0.048757   67861 0.000007 0.002272 0.000009
156 114920360700.000000  -0.008273 0.009799 68658  0.000037 0.002269 -0.011890 0.036718  2.514367 -0.210767   68185 0.000036 0.002203 0.000041
157 114927150547.500000  -0.011773 0.009733 68655  -0.000011 0.002360 -0.079067 0.212862  -0.753641 0.063174   68083 -0.000004 0.002269 0.000041
158 114933940395.000000  -0.007690 0.010424 68655  0.000015 0.002241 0.037402 -0.022655  1.011458 -0.084786   68261 0.000009 0.002189 -0.000009
159 114940730242.500000  -0.009162 0.007664 68655  0.000003 0.002334 -0.013463 -0.171459  0.202035 -0.016936   68367 0.000011 0.002293 -0.000004
160 114947520090.000000  -0.007527 0.008570 68654  -0.000005 0.002354 0.038144 -0.224467  -0.331994 0.027829   68451 -0.000012 0.002325 -0.000016
161 114954309937.500000  -0.008917 0.008853 68655  0.000021 0.002355 -0.071904 -0.102597  1.448950 -0.121459   68274 0.000026 0.002301 0.000070
162 114961099785.000000  -0.008749 0.008754 68657  -0.000012 0.002341 -0.052395 -0.041403  -0.838348 0.070275   68193 0.000002 0.002278 0.000002
163 114967889632.500000  -0.008769 0.008152 68656  0.000012 0.002318 -0.045842 -0.062559  0.793182 -0.066489   68237 0.000016 0.002261 0.000047
164 114974679480.000000  -0.007936 0.011171 68655  -0.000019 0.002335 -0.027117 -0.176834  -1.308328 0.109671   68399 -0.000018 0.002298 0.000005
165 114981469327.500000  -0.008905 0.009953 68657  0.000011 0.002401 0.111779 0.091399  0.746407 -0.062568   68012 -0.000011 0.002310 -0.000029
166 114988259175.000000  -0.008171 0.008900 68657  -0.000014 0.002332 -0.016666 0.103362  -0.958467 0.080344   67972 -0.000011 0.002240 0.000007
167 114995049022.500000  -0.011569 0.008163 68651  -0.000009 0.002375 -0.059049 0.005380  -0.604830 0.050700   68219 -0.000003 0.002309 -0.000001
168 115001838870.000000  -0.008511 0.008660 68636  0.000001 0.002327 -0.016413 -0.071112  0.092532 -0.007757   68227 0.000004 0.002273 0.000012
169 115008628717.500000  -0.008516 0.009603 68653  -0.000001 0.002415 -0.100919 0.014991  -0.047298 0.003965   68100 0.000011 0.002337 0.000060
170 115015418565.000000  -0.009233 0.008189 68654  -0.000006 0.002278 -0.031407 0.020210  -0.444767 0.037283   68143 -0.000000 0.002207 -0.000012
171 115022208412.500000  -0.009534 0.007899 68651  -0.000002 0.002318 -0.040146 0.012218  -0.122610 0.010278   68132 0.000012 0.002247 0.000016
172 115028998260.000000  -0.008645 0.007732 68653  -0.000024 0.002323 0.033445 -0.028840  -1.658433 0.139019   68169 -0.000013 0.002256 -0.000071
173 115035788107.500000  -0.007824 0.008723 68654  0.000048 0.002191 -0.014543 -0.050444  3.281630 -0.275084   68162 0.000050 0.002130 0.000046
174 115042577955.000000  -0.008469 0.012824 68655  -0.000063 0.002370 0.080483 0.219490  -4.334526 0.363343   68063 -0.000074 0.002278 -0.000075
175 115049367802.500000  -0.011500 0.015531 68652  0.000007 0.002342 0.045385 1.048795  0.472530 -0.039610   68016 0.000009 0.002218 0.000056
176 115056157650.000000  -0.008828 0.010600 68654  0.000009 0.002380 0.096275 -0.021147  0.615876 -0.051626   68232 -0.000006 0.002316 -0.000019
177 115062947497.500000  -0.008255 0.010034 68655  0.000006 0.002364 0.099106 0.195091  0.430193 -0.036061   67981 -0.000018 0.002263 -0.000032
178 115069737345.000000  -0.007407 0.011185 68641  -0.000010 0.002333 0.101087 -0.067239  -0.667041 0.055915   68323 -0.000026 0.002286 -0.000047
179 115076527192.500000  -0.009378 0.009377 68651  -0.000010 0.002379 -0.005386 0.051899  -0.708792 0.059415   68126 -0.000015 0.002303 0.000006
180 115083317040.000000  -0.007951 0.012753 68653  -0.000013 0.002437 0.089659 0.230690  -0.909388 0.076230   68117 -0.000038 0.002348 0.000002
181 115090106887.500000  -0.012763 0.039557 68653  -0.000032 0.003281 1.757285 13.585420  -2.174284 0.182260   67474 -0.000165 0.002714 -0.000142
182 115096896735.000000  -0.019721 0.135753 68654  0.000191 0.006621 7.158424 98.176938  13.093061 -1.097530   66270 -0.000238 0.003594 -0.000226
183 115103686582.500000  -0.051575 0.303731 68656  0.001286 0.019363 5.658072 53.798429  88.290535 -7.400979   60667 -0.000227 0.006398 -0.000120
184 115110476430.000000  -0.125394 0.821041 68660  0.005399 0.059301 6.923533 65.362631  370.708540 -31.074747   58923 -0.000550 0.011719 -0.000352
185 115117266277.500000  -0.174862 1.104941 68658  0.009851 0.092464 6.222299 46.710487  676.335306 -56.693996   59641 -0.001326 0.016692 -0.001031
186 115124056125.000000  -0.164360 1.578032 68655  0.012318 0.109379 7.236787 64.778389  845.693945 -70.890531   61508 -0.001493 0.018676 -0.002167
187 115130845972.500000  -0.194121 1.736407 68660  0.017389 0.136150 6.945315 56.592933  1193.922903 -100.080921   61050 -0.001490 0.019724 -0.001578
188 115137635820.000000  -0.218880 2.443450 68650  0.028536 0.205505 6.989416 54.595429  1959.019941 -164.215394   59932 -0.001424 0.020818 -0.001330
189 115144425667.500000  -0.246317 3.048826 68663  0.037343 0.260308 6.754025 50.008651  2564.096423 -214.936100   61005 -0.002201 0.028806 -0.001514
190 115151215515.000000  -0.259769 3.657492 68662  0.042465 0.293070 6.796472 51.042981  2915.762190 -244.414581   61395 -0.001894 0.032298 -0.001175
191 115158005362.500000  -0.281660 4.607611 68662  0.043788 0.310349 7.774235 71.330027  3006.587432 -252.028032   61978 -0.002278 0.034665 -0.002295
192 115164795210.000000  -0.251364 4.945533 68660  0.042312 0.311425 8.684076 91.904498  2905.162510 -243.526060   62560 -0.002490 0.035775 -0.003318
193 115171585057.500000  -0.229421 4.957602 68662  0.039734 0.288861 8.763563 96.286083  2728.223034 -228.694059   62839 -0.002306 0.034986 -0.002552
194 115178374905.000000  -0.207550 4.285124 68657  0.038244 0.265705 7.927832 75.924581  2625.739418 -220.103341   62980 -0.002502 0.033954 -0.001834
195 115185164752.500000  -0.185863 2.765773 68656  0.033864 0.232980 7.248832 58.967743  2324.990415 -194.892972   63926 -0.002228 0.035088 -0.002730
196 115191954600.000000  -0.186824 3.139917 68656  0.029940 0.228929 8.389242 80.102603  2055.540232 -172.306235   63832 -0.003460 0.034810 -0.002965
197 115198744447.500000  -0.205716 3.524788 68658  0.026828 0.215341 8.907809 93.311019  1841.929968 -154.400295   62991 -0.001647 0.036235 -0.001134
198 115205534295.000000  -0.294979 3.288938 68668  0.025695 0.214157 8.738449 93.747782  1764.446081 -147.905186   60635 -0.001468 0.035654 -0.001284
199 115212324142.500000  -0.283905 3.422792 68644  0.024468 0.212302 8.934312 98.446098  1679.575941 -140.790923   59934 -0.001352 0.031421 -0.001992
200 115219113990.000000  -0.192742 2.574230 68659  0.019103 0.171011 8.751515 91.484232  1311.576272 -109.943248   61011 -0.000122 0.026298 -0.000561
201 115225903837.500000  -0.162955 2.069728 68658  0.011830 0.121730 9.513329 113.343618  812.237876 -68.086067   61877 -0.001186 0.023997 -0.001588
202 115232693685.000000  -0.151440 1.631739 68659  0.007533 0.087349 9.709389 124.276999  517.230694 -43.357008   61841 -0.001201 0.019741 -0.001252
203 115239483532.500000  -0.134036 0.651944 68658  0.004102 0.053839 5.726423 48.389526  281.656146 -23.609905   60717 -0.000891 0.017113 -0.000941
204 115246273380.000000  -0.120988 0.284133 68658  0.000682 0.027312 2.209199 19.812407  46.833607 -3.925840   60615 0.000029 0.012582 -0.000376
205 115253063227.500000  -0.059141 0.154107 68658  0.000189 0.015251 2.034762 17.295835  12.966615 -1.086930   60115 0.000004 0.006424 -0.000143
206 115259853075.000000  -0.030694 0.082449 68657  0.000032 0.007715 2.549706 21.939223  2.183006 -0.182991   63145 -0.000135 0.004199 -0.000100
207 115266642922.500000  -0.010616 0.032769 68654  -0.000008 0.003319 1.788106 12.267081  -0.572144 0.047960   67276 -0.000177 0.002703 -0.000182
208 115273432770.000000  -0.009774 0.009376 68655  0.000022 0.002590 -0.004858 0.112008  1.512822 -0.126813   67951 0.000026 0.002483 -0.000006
209 115280222617.500000  -0.010229 0.009395 68656  -0.000052 0.002597 -0.044096 0.003073  -3.553014 0.297832   68105 -0.000055 0.002511 -0.000022
210 115287012465.000000  -0.009190 0.007860 68655  0.000026 0.002400 0.063361 -0.045358  1.798048 -0.150722   68220 0.000023 0.002340 -0.000030
211 115293802312.500000  -0.008944 0.009172 68654  0.000018 0.002429 -0.060590 -0.085981  1.252170 -0.104964   68273 0.000032 0.002374 0.000040
212 115300592160.000000  -0.009509 0.010321 68658  -0.000007 0.002519 -0.024271 -0.039152  -0.488697 0.040965   68196 -0.000008 0.002452 0.000029
213 115307382007.500000  -0.009016 0.010132 68659  0.000021 0.002376 -0.050392 0.060607  1.423380 -0.119315   68082 0.000023 0.002294 0.000085
214 115314171855.000000  -0.009783 0.008936 68659  -0.000018 0.002466 0.016421 -0.007610  -1.205080 0.101016   68227 -0.000023 0.002402 0.000005
215 115320961702.500000  -0.008504 0.008403 68658  -0.000008 0.002394 -0.068128 -0.070881  -0.551138 0.046199   68228 0.000001 0.002333 0.000026
216 115327751550.000000  -0.008965 0.009590 68656  0.000006 0.002388 0.016637 0.066470  0.395477 -0.033151   68133 -0.000005 0.002311 0.000002
217 115334541397.500000  -0.008791 0.009245 68653  0.000004 0.002466 0.009842 -0.066882  0.258785 -0.021693   68229 0.000005 0.002404 -0.000005
218 115341331245.000000  -0.009426 0.009958 68655  -0.000036 0.002477 0.039805 -0.055854  -2.448324 0.205231   68204 -0.000039 0.002411 -0.000064
219 115348121092.500000  -0.009255 0.009233 68671  0.000019 0.002444 0.089936 0.034198  1.329268 -0.111426   68102 0.000010 0.002364 -0.000058
220 115354910940.000000  -0.010954 0.009972 68638  -0.000029 0.002624 -0.046176 -0.049523  -2.011086 0.168580   68223 -0.000021 0.002559 0.000017
221 115361700787.500000  -0.009039 0.011578 68660  -0.000015 0.002443 0.136815 0.228433  -1.048901 0.087924   67971 -0.000045 0.002334 -0.000062
222 115368490635.000000  -0.010024 0.010080 68662  0.000058 0.002537 -0.003941 0.163000  4.001885 -0.335459   67900 0.000050 0.002424 0.000065
223 115375280482.500000  -0.008936 0.008545 68661  -0.000045 0.002474 -0.097163 -0.035275  -3.073443 0.257632   68173 -0.000036 0.002404 0.000008
224 115382070330.000000  -0.009969 0.010602 68663  -0.000003 0.002700 0.028407 -0.016797  -0.186828 0.015661   68182 -0.000011 0.002622 -0.000014
225 115388860177.500000  -0.011314 0.010518 68665  -0.000055 0.002640 0.033108 -0.035148  -3.753336 0.314624   68273 -0.000069 0.002572 -0.000052
226 115395650025.000000  -0.010951 0.009651 68662  0.000005 0.002631 0.053387 0.099082  0.376867 -0.031591   67972 -0.000015 0.002529 -0.000018
227 115402439872.500000  -0.010210 0.009484 68660  0.000023 0.002529 0.060778 0.054909  1.582056 -0.132616   68078 0.000014 0.002441 -0.000017
228 115409229720.000000  -0.009635 0.009442 68659  0.000012 0.002625 0.003874 -0.147063  0.792069 -0.066395   68322 0.000012 0.002572 0.000005
229 115416019567.500000  -0.012071 0.011140 68658  0.000025 0.002649 0.055160 0.064632  1.708151 -0.143186   68157 0.000013 0.002564 -0.000011
230 115422809415.000000  -0.009989 0.009758 68657  -0.000023 0.002787 -0.007763 -0.015831  -1.587787 0.133097   68179 -0.000020 0.002710 -0.000042
231 115429599262.500000  -0.010153 0.009924 68660  -0.000016 0.002570 -0.001098 -0.007583  -1.120645 0.093938   68214 -0.000021 0.002499 0.000009
232 115436389110.000000  -0.011020 0.009387 68662  -0.000002 0.002691 -0.003465 -0.065716  -0.152514 0.012785   68294 -0.000009 0.002632 -0.000006
233 115443178957.500000  -0.008929 0.010367 68659  -0.000046 0.002696 0.103140 -0.065541  -3.186477 0.267107   68258 -0.000067 0.002631 -0.000077
234 115449968805.000000  -0.009855 0.010690 68654  -0.000004 0.002696 0.045421 -0.028698  -0.254703 0.021351   68217 -0.000017 0.002624 -0.000051
235 115456758652.500000  -0.010161 0.014463 68654  0.000016 0.002811 0.044949 0.190288  1.080725 -0.090592   68179 0.000008 0.002716 0.000028
236 115463548500.000000  -0.010013 0.017706 68656  -0.000019 0.002803 0.040411 0.496142  -1.326324 0.111179   68019 -0.000020 0.002678 0.000008
237 115470338347.500000  -0.009604 0.010472 68654  0.000009 0.002682 0.001508 -0.029583  0.641212 -0.053750   68168 0.000021 0.002608 0.000009
238 115477128195.000000  -0.010260 0.011361 68653  -0.000020 0.002658 0.119487 0.084819  -1.364144 0.114350   68129 -0.000034 0.002569 -0.000090
239 115483918042.500000  -0.009514 0.014700 68653  -0.000030 0.002664 0.067648 0.112106  -2.070156 0.173531   68226 -0.000041 0.002588 -0.000053
240 115490707890.000000  -0.009743 0.013553 68667  -0.000024 0.002885 0.175694 0.125309  -1.670602 0.140039   68114 -0.000059 0.002786 -0.000109
241 115497497737.500000  -0.011466 0.023415 68645  -0.000007 0.002916 0.164619 1.171670  -0.464800 0.038962   68060 -0.000026 0.002775 0.000020
242 115504287585.000000  -0.010763 0.010907 68646  0.000010 0.002760 0.079248 -0.024286  0.696337 -0.058371   68229 -0.000002 0.002690 -0.000029
243 115511077432.500000  -0.010027 0.012370 68646  0.000012 0.002783 0.113242 0.088118  0.815346 -0.068347   68098 -0.000014 0.002689 -0.000044
244 115517867280.000000  -0.011342 0.010521 68648  -0.000019 0.002697 -0.066024 -0.053678  -1.332053 0.111660   68235 -0.000013 0.002624 0.000023
245 115524657127.500000  -0.010451 0.010563 68646  -0.000020 0.002751 0.009776 -0.006496  -1.345082 0.112752   68162 -0.000029 0.002672 -0.000006
246 115531446975.000000  -0.010470 0.009432 68645  -0.000029 0.002671 0.007231 -0.010287  -1.961697 0.164440   68154 -0.000046 0.002594 -0.000021
247 115538236822.500000  -0.011584 0.009976 68648  -0.000009 0.002790 0.031346 -0.025986  -0.616974 0.051718   68189 -0.000019 0.002713 -0.000026
248 115545026670.000000  -0.012867 0.010855 68650  -0.000035 0.002910 0.004941 -0.032675  -2.403090 0.201440   68242 -0.000034 0.002837 -0.000054
249 115551816517.500000  -0.009718 0.011890 68652  0.000018 0.002826 0.085940 0.005960  1.224943 -0.102681   68183 0.000003 0.002743 0.000011
250 115558606365.000000  -0.009409 0.010460 68653  0.000009 0.002696 -0.072716 -0.054992  0.594560 -0.049839   68227 0.000017 0.002628 0.000069
251 115565396212.500000  -0.010295 0.011988 68654  -0.000030 0.002912 0.015127 0.043237  -2.067964 0.173348   68114 -0.000043 0.002818 -0.000049
252 115572186060.000000  -0.009108 0.009633 68654  -0.000014 0.002767 -0.025992 -0.186790  -0.971095 0.081402   68397 -0.000011 0.002727 0.000013
253 115578975907.500000  -0.010157 0.010113 68653  -0.000017 0.002734 0.012457 -0.003325  -1.135912 0.095218   68134 -0.000019 0.002649 -0.000030
254 115585765755.000000  -0.009696 0.010029 68655  -0.000010 0.002737 0.015383 0.142332  -0.671168 0.056261   67851 -0.000014 0.002615 -0.000029
255 115592555602.500000  -0.010381 0.009713 68655  0.000009 0.002668 -0.002664 0.001742  0.648578 -0.054367   68194 0.000017 0.002591 0.000003
256 115599345450.000000  -0.011422 0.010098 68655  0.000038 0.002767 -0.082682 0.115709  2.612784 -0.219017   67967 0.000051 0.002659 0.000100
257 115606135297.500000  -0.010221 0.010445 68654  -0.000039 0.002778 -0.019824 -0.146315  -2.660491 0.223016   68332 -0.000029 0.002725 -0.000050
258 115612925145.000000  -0.010271 0.009140 68650  -0.000012 0.002640 -0.018193 -0.118114  -0.801009 0.067145   68268 -0.000007 0.002581 0.000013
259 115619714992.500000  -0.011598 0.010640 68650  0.000038 0.002768 -0.058067 0.036437  2.581557 -0.216400   68140 0.000038 0.002680 0.000094
260 115626504840.000000  -0.011225 0.010946 68650  0.000025 0.002892 0.044894 0.026406  1.741940 -0.146019   68114 0.000013 0.002800 -0.000025
261 115633294687.500000  -0.010170 0.010585 68661  -0.000020 0.002811 0.044563 -0.109357  -1.380797 0.115746   68292 -0.000023 0.002751 -0.000039
262 115640084535.000000  -0.011246 0.010609 68636  0.000020 0.002907 0.059483 0.054776  1.381195 -0.115779   68044 0.000011 0.002803 -0.000009
263 115646874382.500000  -0.010507 0.009454 68647  -0.000062 0.002811 -0.006654 -0.019288  -4.231788 0.354731   68116 -0.000062 0.002729 -0.000039
264 115653664230.000000  -0.009748 0.009842 68648  0.000015 0.002697 -0.004415 -0.089767  1.036079 -0.086850   68266 0.000012 0.002639 0.000010
265 115660454077.500000  -0.011240 0.011609 68649  0.000025 0.002721 0.018495 0.127146  1.727941 -0.144845   68074 0.000026 0.002623 0.000016
266 115667243925.000000  -0.009872 0.009956 68650  0.000021 0.002768 -0.040414 -0.133808  1.459916 -0.122378   68313 0.000031 0.002713 0.000038
267 115674033772.500000  -0.009646 0.011528 68653  0.000001 0.002643 0.070426 0.166798  0.074680 -0.006260   67958 -0.000012 0.002534 -0.000031
268 115680823620.000000  -0.012157 0.009995 68654  0.000015 0.002893 0.018029 -0.021284  1.036531 -0.086888   68175 0.000005 0.002809 0.000005
269 115687613467.500000  -0.011126 0.010416 68657  0.000058 0.002731 -0.009344 0.019002  4.012123 -0.336317   68139 0.000059 0.002644 0.000054
270 115694403315.000000  -0.012781 0.012047 68652  0.000020 0.002840 0.032621 0.017447  1.393755 -0.116832   68211 0.000016 0.002761 -0.000014
271 115701193162.500000  -0.011776 0.010560 68666  -0.000017 0.002855 -0.049524 0.016759  -1.168079 0.097915   68203 0.000000 0.002773 0.000005
272 115707983010.000000  -0.011318 0.010108 68634  -0.000046 0.002965 -0.062023 0.008330  -3.170838 0.265796   68156 -0.000030 0.002879 0.000002
273 115714772857.500000  -0.011737 0.009853 68656  -0.000004 0.002841 -0.112956 0.015444  -0.305601 0.025617   68186 0.000026 0.002760 0.000021
274 115721562705.000000  -0.012582 0.010338 68659  0.000013 0.003057 0.007413 0.078718  0.886822 -0.074338   68094 0.000027 0.002951 -0.000010
275 115728352552.500000  -0.010571 0.010250 68658  0.000012 0.003038 0.004659 -0.028381  0.798378 -0.066924   68150 0.000021 0.002951 -0.000029
276 115735142400.000000  -0.011422 0.016151 68656  -0.000003 0.003417 0.154462 -0.034857  -0.183984 0.015423   68273 -0.000028 0.003332 -0.000145
