# iz z min  max  N  mean sigma skew kurt sum sum  robust[N mean sig med]
1 97579843885.500000  -0.003123 0.003125 76693  -0.000002 0.000753 -0.021270 0.075499  -0.144338 0.011822   76023 -0.000001 0.000726 0.000003
2 97586478180.000000  -0.002507 0.002742 76697  0.000002 0.000634 -0.014052 0.002613  0.122055 -0.009997   76167 0.000002 0.000615 0.000005
3 97593112474.500000  -0.002599 0.002768 76690  0.000002 0.000671 -0.012306 -0.002769  0.131544 -0.010774   76116 0.000004 0.000651 0.000000
4 97599746769.000000  -0.002575 0.002611 76693  0.000001 0.000627 -0.000473 0.003123  0.075508 -0.006184   76136 0.000000 0.000608 0.000004
5 97606381063.500000  -0.002575 0.002630 76689  0.000002 0.000643 0.023934 -0.035091  0.123971 -0.010154   76181 0.000001 0.000626 -0.000001
6 97613015358.000000  -0.002433 0.002588 76691  0.000002 0.000621 0.024509 0.047975  0.148708 -0.012180   76075 0.000001 0.000601 -0.000001
7 97619649652.500000  -0.002469 0.002686 76691  -0.000001 0.000606 -0.001694 0.057988  -0.110914 0.009084   76094 -0.000002 0.000586 0.000001
8 97626283947.000000  -0.002660 0.002506 76685  0.000001 0.000631 0.009020 0.008381  0.051626 -0.004228   76130 0.000000 0.000612 -0.000000
9 97632918241.500000  -0.002709 0.002507 76692  0.000000 0.000612 -0.002182 0.001844  0.021996 -0.001802   76167 -0.000000 0.000595 0.000003
10 97639552536.000000  -0.002734 0.002719 76683  0.000001 0.000646 -0.003323 -0.049420  0.077623 -0.006358   76240 0.000002 0.000630 0.000002
11 97646186830.500000  -0.002476 0.002576 76691  -0.000000 0.000620 0.016605 0.008499  -0.007833 0.000642   76149 -0.000001 0.000602 -0.000001
12 97652821125.000000  -0.002294 0.004701 76688  0.000003 0.000621 0.041570 0.220246  0.217369 -0.017804   76106 0.000001 0.000600 0.000002
13 97659455419.500000  -0.002653 0.003251 76671  0.000005 0.000649 -0.009076 0.033927  0.376084 -0.030803   76109 0.000006 0.000628 0.000007
14 97666089714.000000  -0.002668 0.002649 76687  0.000001 0.000614 0.020630 0.023984  0.085496 -0.007003   76126 0.000001 0.000595 -0.000005
15 97672724008.500000  -0.002450 0.002533 76674  -0.000003 0.000638 0.010977 -0.037417  -0.240837 0.019726   76162 -0.000004 0.000621 -0.000007
16 97679358303.000000  -0.002581 0.002485 76689  -0.000000 0.000609 -0.048960 0.024331  -0.028077 0.002300   76129 0.000002 0.000591 0.000004
17 97685992597.500000  -0.002671 0.002647 76679  -0.000000 0.000627 0.000311 0.068410  -0.025932 0.002124   76013 -0.000000 0.000604 0.000001
18 97692626892.000000  -0.002461 0.002528 76686  -0.000000 0.000604 0.030696 -0.021075  -0.021965 0.001799   76190 -0.000002 0.000588 -0.000003
19 97699261186.500000  -0.002391 0.002487 76684  -0.000000 0.000631 0.045744 -0.043374  -0.014049 0.001151   76189 -0.000002 0.000614 -0.000007
20 97705895481.000000  -0.002610 0.002479 76674  0.000001 0.000630 -0.031845 0.027651  0.059668 -0.004887   76090 0.000001 0.000610 0.000004
21 97712529775.500000  -0.002630 0.002489 76679  -0.000001 0.000609 0.058289 -0.003665  -0.113068 0.009261   76172 -0.000004 0.000592 -0.000006
22 97719164070.000000  -0.002646 0.002813 76668  0.000001 0.000639 0.018704 0.023543  0.071190 -0.005831   76086 -0.000001 0.000619 -0.000002
23 97725798364.500000  -0.002307 0.002552 76677  -0.000004 0.000614 -0.000562 -0.068889  -0.276572 0.022653   76258 -0.000004 0.000600 -0.000005
24 97732432659.000000  -0.002719 0.002504 76675  -0.000000 0.000613 -0.016017 0.007058  -0.019533 0.001600   76139 0.000000 0.000595 0.000002
25 97739066953.500000  -0.002852 0.003070 76664  0.000003 0.000638 -0.019957 0.005520  0.234150 -0.019178   76145 0.000004 0.000620 0.000006
26 97745701248.000000  -0.002599 0.003089 76679  0.000001 0.000617 0.004981 0.039823  0.053463 -0.004379   76092 0.000001 0.000597 -0.000001
27 97752335542.500000  -0.002640 0.003268 76665  -0.000002 0.000632 -0.009428 -0.029195  -0.122033 0.009995   76148 -0.000000 0.000615 -0.000003
28 97758969837.000000  -0.002593 0.002631 76676  0.000002 0.000614 -0.004612 0.057101  0.151607 -0.012417   76063 0.000002 0.000594 0.000002
29 97765604131.500000  -0.002894 0.002750 76674  0.000002 0.000625 0.016512 0.105638  0.141021 -0.011550   75980 0.000001 0.000602 0.000001
30 97772238426.000000  -0.002917 0.002748 76666  0.000002 0.000648 -0.039453 0.051038  0.123499 -0.010115   76086 0.000004 0.000627 0.000006
31 97778872720.500000  -0.002449 0.002757 76675  -0.000001 0.000619 -0.006292 0.014636  -0.086037 0.007047   76106 -0.000001 0.000600 0.000003
32 97785507015.000000  -0.002742 0.002839 76667  -0.000001 0.000638 0.027041 -0.020419  -0.111043 0.009095   76190 -0.000003 0.000621 -0.000005
33 97792141309.500000  -0.002461 0.002967 76675  -0.000000 0.000625 0.000363 0.041342  -0.024193 0.001982   76081 -0.000000 0.000605 -0.000002
34 97798775604.000000  -0.002765 0.002488 76668  0.000001 0.000639 -0.022467 0.040152  0.076444 -0.006261   76076 0.000002 0.000618 0.000001
35 97805409898.500000  -0.002597 0.002508 76680  0.000001 0.000623 0.017281 0.063274  0.083413 -0.006832   76028 -0.000001 0.000601 -0.000002
36 97812044193.000000  -0.002625 0.002469 76680  0.000002 0.000637 -0.044356 0.032364  0.156623 -0.012828   76071 0.000004 0.000617 0.000006
37 97818678487.500000  -0.002789 0.002481 76676  0.000001 0.000646 -0.040072 0.010723  0.114161 -0.009350   76111 0.000003 0.000626 0.000007
38 97825312782.000000  -0.002692 0.002761 76680  -0.000002 0.000637 0.005825 -0.066723  -0.123008 0.010075   76219 -0.000001 0.000621 -0.000003
39 97831947076.500000  -0.002994 0.002626 76678  -0.000001 0.000644 -0.027411 -0.037369  -0.063878 0.005232   76211 0.000000 0.000627 0.000001
40 97838581371.000000  -0.002528 0.002680 76685  -0.000002 0.000648 -0.017981 -0.006864  -0.150655 0.012339   76148 -0.000001 0.000629 0.000002
41 97845215665.500000  -0.002511 0.003775 76684  0.000001 0.000663 0.063151 0.296220  0.113645 -0.009308   75938 -0.000002 0.000635 -0.000001
42 97851849960.000000  -0.003275 0.009358 76682  0.000009 0.000778 0.860318 6.268868  0.721426 -0.059088   75753 -0.000008 0.000703 -0.000012
43 97858484254.500000  -0.003636 0.019675 76679  0.000022 0.000931 3.615539 49.822526  1.720285 -0.140900   75608 -0.000013 0.000742 -0.000020
44 97865118549.000000  -0.004513 0.024750 76680  0.000037 0.001162 4.073862 49.970893  2.837079 -0.232371   75373 -0.000019 0.000857 -0.000016
45 97871752843.500000  -0.004381 0.032498 76681  0.000078 0.001617 7.066769 94.424953  5.994311 -0.490963   74929 -0.000028 0.000947 -0.000014
46 97878387138.000000  -0.005712 0.062301 76684  0.000111 0.002081 9.268710 164.726054  8.529220 -0.698585   74551 -0.000021 0.001078 -0.000001
47 97885021432.500000  -0.006768 0.085090 76688  0.000127 0.002523 12.982491 290.294051  9.776769 -0.800765   74574 -0.000019 0.001116 0.000001
48 97891655727.000000  -0.006073 0.101448 76696  0.000130 0.002702 15.955329 393.324326  9.933739 -0.813622   74753 -0.000028 0.001041 -0.000014
49 97898290021.500000  -0.005659 0.094429 76697  0.000101 0.002418 17.796223 494.051694  7.771030 -0.636485   74836 -0.000032 0.000999 -0.000018
50 97904924316.000000  -0.006179 0.078345 76699  0.000081 0.001932 13.922872 360.190615  6.219146 -0.509378   74781 -0.000029 0.000919 -0.000028
51 97911558610.500000  -0.004692 0.090369 76694  0.000111 0.002156 15.782994 406.911046  8.487766 -0.695189   75033 -0.000021 0.000885 -0.000017
52 97918192905.000000  -0.004094 0.119965 76693  0.000135 0.002643 21.054532 641.705154  10.370081 -0.849360   75083 -0.000015 0.000867 -0.000014
53 97924827199.500000  -0.005404 0.107707 76693  0.000128 0.002671 20.152607 553.143661  9.784253 -0.801378   75176 -0.000013 0.000863 -0.000017
54 97931461494.000000  -0.003949 0.079864 76684  0.000118 0.002287 16.215711 376.265150  9.026906 -0.739348   75103 -0.000010 0.000881 0.000001
55 97938095788.500000  -0.003870 0.038583 76694  0.000059 0.001465 10.535220 187.726936  4.551635 -0.372801   75431 -0.000020 0.000801 -0.000021
56 97944730083.000000  -0.003277 0.029130 76686  0.000033 0.001092 7.589563 141.427917  2.505723 -0.205231   75722 -0.000011 0.000765 -0.000008
57 97951364377.500000  -0.003059 0.015463 76693  0.000007 0.000804 1.897999 23.585221  0.518645 -0.042480   75784 -0.000012 0.000703 -0.000018
58 97957998672.000000  -0.002700 0.005083 76698  -0.000003 0.000678 0.090079 0.262349  -0.234412 0.019199   76206 -0.000007 0.000657 -0.000007
59 97964632966.500000  -0.002488 0.002680 76692  0.000001 0.000646 -0.003696 -0.047420  0.064846 -0.005311   76215 0.000002 0.000630 0.000003
60 97971267261.000000  -0.002526 0.002712 76699  0.000002 0.000651 -0.025742 0.014899  0.171609 -0.014056   76136 0.000004 0.000632 0.000005
61 97977901555.500000  -0.002590 0.002431 76696  0.000001 0.000649 -0.050536 -0.056574  0.065261 -0.005345   76219 0.000004 0.000632 0.000004
62 97984535850.000000  -0.002913 0.002602 76704  -0.000001 0.000635 -0.001794 0.030281  -0.112308 0.009199   76156 -0.000001 0.000616 -0.000002
63 97991170144.500000  -0.002885 0.002575 76706  -0.000001 0.000631 -0.002026 0.015811  -0.039845 0.003263   76126 -0.000001 0.000612 -0.000003
64 97997804439.000000  -0.002675 0.002651 76704  0.000002 0.000649 -0.020030 -0.035309  0.169580 -0.013889   76173 0.000005 0.000631 0.000003
65 98004438733.500000  -0.002682 0.002551 76718  -0.000002 0.000617 -0.008241 0.012401  -0.182024 0.014909   76149 0.000000 0.000598 -0.000002
66 98011073028.000000  -0.002763 0.002519 76707  -0.000002 0.000636 0.016695 -0.062850  -0.148729 0.012182   76268 -0.000002 0.000621 -0.000008
67 98017707322.500000  -0.002595 0.002594 76728  -0.000000 0.000631 0.026387 -0.015039  -0.019144 0.001568   76183 -0.000001 0.000613 -0.000007
68 98024341617.000000  -0.002788 0.002636 76709  0.000002 0.000655 -0.003656 0.034770  0.184904 -0.015145   76122 0.000003 0.000635 0.000003
69 98030975911.500000  -0.002525 0.002727 76729  -0.000001 0.000619 -0.015767 0.041576  -0.100933 0.008267   76149 -0.000000 0.000600 0.000001
70 98037610206.000000  -0.002713 0.002708 76728  0.000002 0.000627 -0.011896 0.026181  0.187654 -0.015370   76162 0.000004 0.000608 0.000001
71 98044244500.500000  -0.002719 0.002579 76716  -0.000001 0.000627 -0.025588 0.024440  -0.068997 0.005651   76144 0.000000 0.000608 0.000002
72 98050878795.000000  -0.002641 0.002439 76731  -0.000002 0.000625 0.005533 0.004237  -0.169543 0.013886   76157 -0.000002 0.000606 -0.000005
73 98057513089.500000  -0.003401 0.002665 76724  0.000000 0.000655 -0.008344 0.015149  0.018358 -0.001504   76199 0.000000 0.000637 -0.000001
74 98064147384.000000  -0.002455 0.002722 76726  -0.000001 0.000611 0.036711 -0.000651  -0.105192 0.008616   76213 -0.000003 0.000594 -0.000007
75 98070781678.500000  -0.002910 0.002750 76722  0.000000 0.000616 -0.053135 0.008712  0.015236 -0.001248   76222 0.000003 0.000599 0.000004
76 98077415973.000000  -0.002830 0.002794 76720  0.000001 0.000634 -0.027714 0.044039  0.043514 -0.003564   76091 0.000003 0.000613 0.000004
77 98084050267.500000  -0.002678 0.002820 76723  -0.000000 0.000629 0.000520 -0.028510  -0.021902 0.001794   76226 -0.000000 0.000613 0.000000
78 98090684562.000000  -0.003136 0.002977 76716  0.000003 0.000640 0.014042 0.032997  0.212314 -0.017390   76153 0.000002 0.000621 0.000001
79 98097318856.500000  -0.002689 0.002584 76721  -0.000000 0.000630 0.004187 0.043885  -0.025897 0.002121   76108 -0.000001 0.000609 -0.000001
80 98103953151.000000  -0.003068 0.002513 76723  0.000001 0.000605 -0.008341 0.022031  0.066305 -0.005431   76173 0.000001 0.000587 0.000002
81 98110587445.500000  -0.002798 0.002613 76723  0.000001 0.000650 0.002423 -0.045024  0.058921 -0.004826   76267 0.000001 0.000634 -0.000001
82 98117221740.000000  -0.002325 0.002824 76725  -0.000004 0.000612 0.007014 0.054126  -0.328836 0.026933   76106 -0.000005 0.000591 -0.000003
83 98123856034.500000  -0.002960 0.002673 76726  -0.000003 0.000655 -0.019117 -0.022083  -0.207769 0.017017   76238 -0.000003 0.000637 0.000000
84 98130490329.000000  -0.002572 0.002826 76728  -0.000003 0.000625 0.022298 0.017487  -0.266425 0.021822   76166 -0.000004 0.000606 -0.000006
85 98137124623.500000  -0.002613 0.002676 76727  -0.000000 0.000640 0.025539 0.034388  -0.033824 0.002770   76127 -0.000002 0.000619 -0.000002
86 98143758918.000000  -0.002692 0.002462 76728  0.000001 0.000614 0.007331 -0.000433  0.101717 -0.008331   76176 0.000000 0.000596 0.000005
87 98150393212.500000  -0.003497 0.002813 76736  -0.000002 0.000616 -0.008235 0.125309  -0.137058 0.011226   76100 -0.000002 0.000594 -0.000001
88 98157027507.000000  -0.002615 0.002431 76738  -0.000001 0.000648 -0.025101 -0.038153  -0.086782 0.007108   76277 0.000000 0.000632 0.000001
89 98163661801.500000  -0.002618 0.002525 76734  0.000002 0.000617 0.023730 0.007453  0.185596 -0.015201   76214 0.000001 0.000599 -0.000001
90 98170296096.000000  -0.002815 0.002693 76735  -0.000003 0.000654 0.044754 -0.034670  -0.197630 0.016187   76231 -0.000005 0.000637 -0.000008
91 98176930390.500000  -0.002763 0.002470 76731  0.000000 0.000617 -0.023960 0.009761  0.004201 -0.000344   76151 0.000001 0.000598 0.000002
92 98183564685.000000  -0.002548 0.002606 76734  0.000005 0.000632 0.017202 0.016499  0.365293 -0.029919   76201 0.000005 0.000614 0.000003
93 98190198979.500000  -0.002586 0.002646 76735  -0.000000 0.000641 0.041886 0.021418  -0.006417 0.000526   76159 -0.000002 0.000621 -0.000006
94 98196833274.000000  -0.002873 0.002475 76727  -0.000001 0.000598 -0.006587 -0.026339  -0.096969 0.007942   76258 -0.000001 0.000583 -0.000003
95 98203467568.500000  -0.002593 0.002679 76737  -0.000004 0.000656 -0.013480 -0.032217  -0.299885 0.024562   76201 -0.000003 0.000638 -0.000003
96 98210101863.000000  -0.002544 0.002637 76736  -0.000001 0.000610 0.008110 0.052631  -0.103072 0.008442   76127 -0.000001 0.000590 -0.000005
97 98216736157.500000  -0.003185 0.002428 76738  -0.000003 0.000617 -0.021135 0.027563  -0.196616 0.016104   76161 -0.000002 0.000598 -0.000001
98 98223370452.000000  -0.002491 0.002814 76735  -0.000003 0.000641 0.014409 0.016512  -0.220373 0.018050   76166 -0.000004 0.000622 -0.000006
99 98230004746.500000  -0.002447 0.003032 76737  -0.000001 0.000601 0.001182 0.039967  -0.103669 0.008491   76191 -0.000002 0.000583 -0.000001
100 98236639041.000000  -0.002580 0.002622 76734  -0.000002 0.000628 0.038956 0.063610  -0.144632 0.011846   76101 -0.000003 0.000607 -0.000007
101 98243273335.500000  -0.002695 0.002790 76736  0.000001 0.000608 -0.007888 -0.002879  0.063121 -0.005170   76206 0.000000 0.000591 0.000004
102 98249907630.000000  -0.003043 0.002957 76738  0.000000 0.000655 0.013366 -0.009077  0.034942 -0.002862   76248 0.000000 0.000637 -0.000004
103 98256541924.500000  -0.002753 0.002451 76739  0.000003 0.000606 0.002417 -0.044782  0.231859 -0.018990   76248 0.000003 0.000590 0.000004
104 98263176219.000000  -0.002677 0.002524 76743  0.000002 0.000623 0.006576 0.040523  0.159778 -0.013087   76133 0.000002 0.000603 -0.000000
105 98269810513.500000  -0.002845 0.002689 76743  -0.000002 0.000641 0.033963 0.053967  -0.186765 0.015297   76155 -0.000004 0.000620 -0.000007
106 98276444808.000000  -0.002664 0.002618 76744  -0.000002 0.000616 -0.032521 0.055590  -0.123569 0.010121   76095 0.000001 0.000595 0.000003
107 98283079102.500000  -0.002389 0.002640 76745  0.000001 0.000638 -0.001700 -0.008405  0.047398 -0.003882   76188 0.000000 0.000619 0.000002
108 98289713397.000000  -0.002664 0.002452 76744  0.000002 0.000609 -0.015749 -0.056007  0.130731 -0.010708   76283 0.000002 0.000594 0.000002
109 98296347691.500000  -0.002319 0.002748 76741  -0.000002 0.000611 0.004407 0.087911  -0.151692 0.012424   76047 -0.000003 0.000589 0.000001
110 98302981986.000000  -0.002991 0.002911 76739  0.000003 0.000640 -0.030374 0.015595  0.199380 -0.016330   76215 0.000005 0.000621 0.000006
111 98309616280.500000  -0.003050 0.002832 76744  0.000001 0.000625 0.020274 0.047316  0.095269 -0.007803   76184 0.000001 0.000605 -0.000000
112 98316250575.000000  -0.002757 0.003147 76741  0.000001 0.000626 0.036933 0.071708  0.091212 -0.007471   76165 -0.000001 0.000605 -0.000000
113 98322884869.500000  -0.002352 0.002405 76744  -0.000000 0.000606 0.013210 -0.019267  -0.021070 0.001726   76202 -0.000001 0.000588 -0.000000
114 98329519164.000000  -0.002849 0.002379 76751  0.000000 0.000621 0.005601 -0.034135  0.014623 -0.001198   76260 0.000001 0.000605 -0.000001
115 98336153458.500000  -0.002689 0.002573 76744  0.000000 0.000630 0.021349 0.043437  0.025149 -0.002060   76160 -0.000000 0.000610 -0.000004
116 98342787753.000000  -0.002775 0.002554 76746  -0.000002 0.000616 0.004929 -0.006290  -0.119943 0.009824   76209 -0.000002 0.000598 -0.000001
117 98349422047.500000  -0.002552 0.002675 76746  0.000001 0.000636 -0.004975 0.014657  0.077225 -0.006325   76168 0.000000 0.000616 0.000003
118 98356056342.000000  -0.002868 0.002420 76747  0.000000 0.000593 0.017245 0.003556  0.017005 -0.001393   76211 0.000000 0.000576 -0.000004
119 98362690636.500000  -0.002782 0.002752 76747  -0.000002 0.000628 0.018981 -0.045126  -0.171820 0.014073   76283 -0.000003 0.000612 -0.000007
120 98369324931.000000  -0.002714 0.002571 76747  0.000001 0.000623 -0.021258 -0.010471  0.108775 -0.008909   76168 0.000002 0.000604 0.000004
121 98375959225.500000  -0.002554 0.002708 76742  0.000005 0.000620 0.001791 0.047829  0.348649 -0.028556   76149 0.000004 0.000600 0.000004
122 98382593520.000000  -0.002662 0.002671 76737  0.000000 0.000624 0.013368 0.001367  0.037080 -0.003037   76242 0.000000 0.000607 -0.000000
123 98389227814.500000  -0.002908 0.002532 76742  0.000003 0.000621 -0.022609 0.018567  0.232816 -0.019069   76154 0.000004 0.000602 0.000005
124 98395862109.000000  -0.002475 0.002457 76741  0.000001 0.000650 -0.031853 -0.031326  0.076322 -0.006251   76222 0.000002 0.000632 0.000005
125 98402496403.500000  -0.002456 0.003090 76738  -0.000003 0.000614 0.009479 0.002324  -0.232438 0.019038   76227 -0.000004 0.000597 -0.000006
126 98409130698.000000  -0.002460 0.002415 76743  0.000000 0.000627 -0.011466 -0.028779  0.029902 -0.002449   76227 0.000001 0.000610 0.000002
127 98415764992.500000  -0.002603 0.003160 76739  0.000001 0.000636 -0.002158 0.104354  0.055941 -0.004582   76056 0.000001 0.000612 0.000001
128 98422399287.000000  -0.002575 0.002509 76738  0.000003 0.000621 -0.019898 0.002249  0.201179 -0.016478   76196 0.000003 0.000603 0.000006
129 98429033581.500000  -0.002537 0.002719 76749  -0.000002 0.000659 0.030760 -0.014594  -0.178892 0.014652   76194 -0.000004 0.000640 -0.000007
130 98435667876.000000  -0.002399 0.002438 76743  -0.000001 0.000621 0.004350 -0.015496  -0.052622 0.004310   76190 -0.000002 0.000603 -0.000001
131 98442302170.500000  -0.002508 0.002480 76747  0.000002 0.000619 0.024737 0.025770  0.179892 -0.014734   76149 0.000001 0.000600 -0.000001
132 98448936465.000000  -0.002518 0.002505 76749  0.000003 0.000642 0.010291 -0.063738  0.214766 -0.017590   76268 0.000003 0.000625 -0.000001
133 98455570759.500000  -0.003137 0.004000 76748  0.000001 0.000613 0.030290 0.230848  0.065854 -0.005394   76133 -0.000001 0.000591 0.000003
134 98462205054.000000  -0.002535 0.002842 76757  0.000001 0.000631 0.010688 0.012626  0.113241 -0.009275   76183 0.000001 0.000612 -0.000001
135 98468839348.500000  -0.002411 0.002757 76752  0.000000 0.000622 0.012852 -0.007784  0.017331 -0.001419   76226 -0.000001 0.000605 -0.000001
136 98475473643.000000  -0.002539 0.002474 76756  -0.000003 0.000624 0.036987 0.024917  -0.232822 0.019069   76176 -0.000005 0.000605 -0.000008
137 98482107937.500000  -0.002490 0.002706 76751  -0.000001 0.000617 -0.032945 0.023809  -0.108561 0.008892   76210 0.000000 0.000598 0.000004
138 98488742232.000000  -0.003314 0.002426 76753  0.000002 0.000620 -0.042324 0.029735  0.170922 -0.013999   76223 0.000004 0.000602 0.000007
139 98495376526.500000  -0.002463 0.002521 76765  0.000000 0.000624 0.036481 0.003581  0.031811 -0.002605   76242 -0.000001 0.000607 -0.000001
140 98502010821.000000  -0.002532 0.002653 76764  -0.000002 0.000607 0.004948 -0.013083  -0.189004 0.015480   76259 -0.000003 0.000590 -0.000003
141 98508645115.500000  -0.002986 0.002672 76767  0.000002 0.000651 0.010363 -0.016772  0.184654 -0.015124   76270 0.000001 0.000634 0.000003
142 98515279410.000000  -0.002382 0.002487 76761  -0.000003 0.000607 0.028073 -0.003993  -0.240415 0.019691   76225 -0.000004 0.000589 -0.000003
143 98521913704.500000  -0.002504 0.002526 76756  0.000000 0.000600 -0.006200 -0.025163  0.034126 -0.002795   76252 0.000001 0.000584 0.000002
144 98528547999.000000  -0.002917 0.002412 76758  -0.000001 0.000630 -0.001917 0.018820  -0.042837 0.003509   76185 -0.000001 0.000611 -0.000003
145 98535182293.500000  -0.002506 0.002477 76751  -0.000001 0.000606 0.043417 0.004216  -0.055758 0.004567   76200 -0.000004 0.000588 -0.000001
146 98541816588.000000  -0.002618 0.002785 76754  0.000002 0.000652 -0.011757 -0.002348  0.161845 -0.013256   76212 0.000003 0.000633 0.000002
147 98548450882.500000  -0.002924 0.002483 76751  0.000000 0.000612 -0.015080 -0.029913  0.030462 -0.002495   76262 0.000001 0.000596 0.000004
148 98555085177.000000  -0.002317 0.002490 76749  -0.000001 0.000595 -0.015590 -0.012949  -0.046024 0.003770   76229 -0.000000 0.000579 0.000002
149 98561719471.500000  -0.002527 0.002843 76758  0.000002 0.000621 -0.017079 0.046651  0.129554 -0.010611   76177 0.000003 0.000601 0.000005
150 98568353766.000000  -0.002368 0.002687 76755  -0.000000 0.000621 -0.008937 0.001633  -0.016157 0.001323   76186 0.000000 0.000602 -0.000001
151 98574988060.500000  -0.003091 0.002645 76760  -0.000002 0.000633 0.001573 -0.025841  -0.189214 0.015498   76246 -0.000003 0.000616 -0.000003
152 98581622355.000000  -0.002485 0.002384 76750  0.000002 0.000610 0.022632 -0.016848  0.152025 -0.012452   76238 0.000000 0.000593 -0.000002
153 98588256649.500000  -0.002785 0.002857 76766  -0.000001 0.000626 0.005318 0.037399  -0.044051 0.003608   76185 -0.000001 0.000606 -0.000001
154 98594890944.000000  -0.002644 0.002481 76752  0.000003 0.000612 0.016725 0.016603  0.231350 -0.018949   76182 0.000002 0.000594 -0.000002
155 98601525238.500000  -0.002319 0.002842 76745  -0.000001 0.000610 0.004033 0.033548  -0.055438 0.004541   76122 -0.000001 0.000590 -0.000002
156 98608159533.000000  -0.002597 0.002691 76758  -0.000001 0.000629 -0.025105 0.025231  -0.078823 0.006456   76174 0.000000 0.000609 0.000002
157 98614793827.500000  -0.002432 0.002553 76739  -0.000001 0.000601 0.020897 0.012150  -0.111285 0.009115   76188 -0.000002 0.000583 -0.000004
158 98621428122.000000  -0.002783 0.002579 76751  0.000002 0.000640 -0.004410 -0.011430  0.152158 -0.012462   76240 0.000002 0.000622 0.000001
159 98628062416.500000  -0.002470 0.002801 76743  0.000001 0.000612 0.007728 0.019423  0.067238 -0.005507   76153 0.000000 0.000592 0.000002
160 98634696711.000000  -0.002351 0.002526 76734  0.000000 0.000618 -0.013543 0.027402  0.022317 -0.001828   76172 -0.000000 0.000600 0.000002
161 98641331005.500000  -0.002699 0.002461 76749  -0.000001 0.000648 0.011408 -0.007369  -0.099533 0.008152   76205 -0.000002 0.000630 -0.000002
162 98647965300.000000  -0.002865 0.002765 76734  -0.000004 0.000604 -0.009203 0.068037  -0.342298 0.028036   76113 -0.000004 0.000584 -0.000004
163 98654599594.500000  -0.002603 0.002733 76737  0.000000 0.000639 0.035015 -0.034363  0.015563 -0.001275   76236 -0.000000 0.000622 -0.000006
164 98661233889.000000  -0.002348 0.002608 76716  -0.000002 0.000602 0.028449 0.011058  -0.163488 0.013390   76148 -0.000003 0.000584 -0.000007
165 98667868183.500000  -0.002774 0.002666 76730  -0.000002 0.000617 -0.016332 -0.003736  -0.126331 0.010347   76193 -0.000001 0.000599 0.000001
166 98674502478.000000  -0.002556 0.002772 76715  -0.000002 0.000612 0.016197 0.063223  -0.138306 0.011328   76062 -0.000002 0.000591 -0.000002
167 98681136772.500000  -0.002436 0.002333 76722  -0.000004 0.000608 0.039213 -0.055480  -0.291765 0.023897   76235 -0.000005 0.000593 -0.000009
168 98687771067.000000  -0.002681 0.002513 76731  -0.000001 0.000644 -0.032751 0.003950  -0.061333 0.005023   76172 0.000000 0.000625 0.000008
169 98694405361.500000  -0.002507 0.002867 76723  -0.000001 0.000614 -0.023010 -0.023912  -0.101059 0.008277   76241 -0.000001 0.000598 0.000003
170 98701039656.000000  -0.003035 0.002667 76736  0.000001 0.000645 0.015773 0.051806  0.043133 -0.003533   76173 -0.000001 0.000626 -0.000001
171 98707673950.500000  -0.002421 0.002854 76731  -0.000002 0.000613 -0.016915 0.040939  -0.151777 0.012431   76135 -0.000001 0.000593 0.000000
172 98714308245.000000  -0.002685 0.002457 76726  0.000003 0.000616 0.012532 0.088539  0.236984 -0.019410   76036 0.000003 0.000593 -0.000000
173 98720942539.500000  -0.002738 0.002641 76731  0.000002 0.000632 -0.009980 0.019410  0.165930 -0.013590   76144 0.000004 0.000613 0.000005
174 98727576834.000000  -0.002683 0.002717 76722  0.000001 0.000617 -0.030255 0.046507  0.039717 -0.003253   76153 0.000002 0.000598 0.000006
175 98734211128.500000  -0.003052 0.002948 76741  -0.000001 0.000638 -0.028197 0.025836  -0.071174 0.005830   76179 0.000001 0.000619 0.000000
176 98740845423.000000  -0.002912 0.002550 76730  0.000000 0.000616 -0.002854 0.018584  0.002982 -0.000244   76142 0.000001 0.000596 -0.000000
177 98747479717.500000  -0.003284 0.002635 76730  -0.000002 0.000613 -0.040185 0.026805  -0.130754 0.010709   76204 -0.000001 0.000595 0.000003
178 98754114012.000000  -0.002591 0.002869 76743  0.000000 0.000631 -0.008506 -0.039212  0.030175 -0.002472   76253 0.000000 0.000614 0.000002
179 98760748306.500000  -0.002645 0.002526 76728  -0.000002 0.000609 -0.018051 0.035961  -0.149556 0.012249   76151 -0.000002 0.000590 0.000001
180 98767382601.000000  -0.002585 0.003224 76752  0.000002 0.000642 -0.004289 -0.006537  0.125818 -0.010305   76249 0.000002 0.000624 0.000005
181 98774016895.500000  -0.002317 0.002522 76740  0.000000 0.000606 0.012323 -0.098551  0.000795 -0.000065   76349 -0.000001 0.000594 -0.000003
182 98780651190.000000  -0.002510 0.002686 76749  0.000001 0.000637 -0.011875 -0.032414  0.048531 -0.003975   76240 0.000001 0.000620 0.000004
183 98787285484.500000  -0.002532 0.002447 76743  -0.000002 0.000614 0.000785 0.005654  -0.163744 0.013411   76188 -0.000002 0.000596 -0.000003
184 98793919779.000000  -0.002387 0.002690 76743  0.000000 0.000600 0.050550 0.003530  0.022379 -0.001833   76205 -0.000001 0.000583 -0.000004
185 98800554073.500000  -0.002643 0.002797 76743  -0.000003 0.000641 0.025895 -0.000790  -0.238269 0.019515   76225 -0.000005 0.000622 -0.000006
186 98807188368.000000  -0.002287 0.003795 76741  0.000003 0.000607 0.034359 0.061937  0.196679 -0.016109   76190 0.000002 0.000588 0.000003
187 98813822662.500000  -0.003016 0.002671 76745  -0.000001 0.000633 0.040355 0.053941  -0.060783 0.004978   76198 -0.000003 0.000613 -0.000006
188 98820456957.000000  -0.002627 0.002582 76732  0.000001 0.000593 -0.011158 0.044929  0.072395 -0.005930   76130 0.000001 0.000574 0.000004
189 98827091251.500000  -0.002373 0.002617 76736  0.000001 0.000599 0.016615 0.011940  0.075945 -0.006220   76177 0.000001 0.000581 -0.000002
190 98833725546.000000  -0.002706 0.002838 76743  0.000003 0.000629 0.008801 0.039427  0.264088 -0.021630   76197 0.000002 0.000610 0.000005
191 98840359840.500000  -0.002610 0.003662 76729  0.000004 0.000607 0.080406 0.174004  0.271223 -0.022214   76077 0.000000 0.000585 -0.000003
192 98846994135.000000  -0.002731 0.002500 76742  0.000001 0.000629 0.003041 0.036595  0.054980 -0.004503   76170 0.000000 0.000609 -0.000001
193 98853628429.500000  -0.002681 0.002772 76728  0.000001 0.000624 -0.007497 0.130771  0.071683 -0.005871   76063 0.000001 0.000601 0.000002
194 98860262724.000000  -0.002676 0.002590 76732  -0.000003 0.000613 0.008571 0.001115  -0.267321 0.021895   76209 -0.000004 0.000595 -0.000005
195 98866897018.500000  -0.002808 0.002727 76737  -0.000002 0.000629 -0.010804 0.045881  -0.182247 0.014927   76139 -0.000002 0.000608 -0.000002
196 98873531313.000000  -0.002812 0.002625 76723  -0.000001 0.000625 0.022908 0.015372  -0.044731 0.003664   76145 -0.000002 0.000606 -0.000001
197 98880165607.500000  -0.003014 0.002860 76723  0.000002 0.000636 0.011652 0.120397  0.115688 -0.009475   76041 0.000001 0.000612 0.000001
198 98886799902.000000  -0.002479 0.002755 76715  0.000001 0.000630 -0.041169 -0.017296  0.110091 -0.009017   76200 0.000003 0.000612 0.000004
199 98893434196.500000  -0.002743 0.002819 76718  -0.000002 0.000639 0.004298 -0.026226  -0.135302 0.011082   76202 -0.000003 0.000621 -0.000007
200 98900068491.000000  -0.002696 0.002742 76717  0.000000 0.000622 -0.022037 0.014283  0.020607 -0.001688   76174 0.000001 0.000603 0.000004
201 98906702785.500000  -0.002658 0.002498 76719  0.000000 0.000630 -0.034098 -0.051957  0.036143 -0.002960   76252 0.000003 0.000614 0.000004
202 98913337080.000000  -0.002768 0.004114 76711  0.000000 0.000648 0.042308 0.117631  0.027149 -0.002224   76181 -0.000001 0.000628 -0.000002
203 98919971374.500000  -0.002754 0.005470 76710  0.000003 0.000637 0.094171 0.501204  0.198804 -0.016283   76063 0.000000 0.000611 -0.000005
204 98926605669.000000  -0.002783 0.007810 76711  0.000005 0.000655 0.245567 2.128961  0.356687 -0.029214   76105 0.000002 0.000625 -0.000001
205 98933239963.500000  -0.002267 0.009325 76706  0.000005 0.000635 0.616158 6.039080  0.414117 -0.033918   76007 -0.000000 0.000594 -0.000003
206 98939874258.000000  -0.002848 0.011212 76700  0.000004 0.000645 0.874499 9.796845  0.278311 -0.022795   76038 -0.000003 0.000598 -0.000006
207 98946508552.500000  -0.002577 0.008364 76703  0.000000 0.000665 0.522524 4.924469  0.035198 -0.002883   76002 -0.000004 0.000623 -0.000001
208 98953142847.000000  -0.002728 0.008533 76697  0.000010 0.000669 0.584895 5.145006  0.744837 -0.061006   76020 0.000002 0.000625 0.000007
209 98959777141.500000  -0.002916 0.007793 76700  0.000007 0.000663 0.395620 3.019262  0.574924 -0.047089   75962 0.000000 0.000624 -0.000002
210 98966411436.000000  -0.002660 0.009912 76691  0.000004 0.000654 0.544138 5.797004  0.320432 -0.026245   76045 -0.000002 0.000615 -0.000001
211 98973045730.500000  -0.002599 0.009241 76692  0.000007 0.000640 0.522104 5.541555  0.510490 -0.041812   76129 0.000002 0.000606 0.000001
212 98979680025.000000  -0.003063 0.005579 76683  0.000001 0.000637 0.049820 0.614647  0.114459 -0.009375   76050 0.000002 0.000612 0.000004
213 98986314319.500000  -0.002639 0.003815 76686  -0.000000 0.000614 0.025493 0.052743  -0.011093 0.000909   76202 -0.000002 0.000597 -0.000002
214 98992948614.000000  -0.002642 0.003450 76687  0.000001 0.000634 0.001541 0.125135  0.056430 -0.004622   76058 0.000001 0.000612 0.000003
215 98999582908.500000  -0.002775 0.002589 76686  0.000001 0.000623 -0.029095 -0.017182  0.100831 -0.008259   76174 0.000003 0.000606 0.000004
216 99006217203.000000  -0.002523 0.002739 76685  -0.000000 0.000643 0.014512 -0.052625  -0.014748 0.001208   76205 -0.000001 0.000626 -0.000001
217 99012851497.500000  -0.002476 0.002932 76693  0.000001 0.000622 0.006238 -0.020194  0.101657 -0.008326   76169 0.000001 0.000605 0.000003
218 99019485792.000000  -0.002587 0.003114 76690  -0.000001 0.000643 0.012234 0.047313  -0.061171 0.005010   76138 -0.000001 0.000624 -0.000001
219 99026120086.500000  -0.002736 0.002490 76690  0.000002 0.000638 0.001568 -0.034529  0.141366 -0.011579   76173 0.000002 0.000621 0.000003
220 99032754381.000000  -0.002585 0.002708 76688  0.000001 0.000622 0.011257 0.094595  0.105819 -0.008667   76007 0.000002 0.000599 -0.000000
221 99039388675.500000  -0.002772 0.002759 76689  0.000000 0.000648 -0.008375 -0.020225  0.035042 -0.002870   76193 0.000000 0.000631 0.000000
222 99046022970.000000  -0.002652 0.003082 76689  0.000000 0.000613 0.003461 0.040374  0.032346 -0.002649   76153 0.000001 0.000595 -0.000003
223 99052657264.500000  -0.002714 0.002443 76686  0.000001 0.000625 -0.023470 -0.016978  0.078070 -0.006394   76161 0.000002 0.000607 0.000005
224 99059291559.000000  -0.002710 0.002807 76689  -0.000001 0.000639 0.028988 0.008602  -0.049738 0.004074   76128 -0.000003 0.000619 -0.000003
225 99065925853.500000  -0.002574 0.002519 76686  -0.000000 0.000630 -0.018553 -0.003836  -0.034458 0.002822   76145 -0.000000 0.000612 0.000005
226 99072560148.000000  -0.002478 0.002687 76689  -0.000001 0.000649 -0.002868 0.053695  -0.056695 0.004644   76042 -0.000001 0.000626 -0.000001
227 99079194442.500000  -0.002561 0.003123 76682  -0.000004 0.000632 0.009046 0.013043  -0.280948 0.023011   76163 -0.000004 0.000614 -0.000002
228 99085828737.000000  -0.002713 0.002755 76684  -0.000004 0.000641 0.003910 0.093532  -0.277123 0.022698   75977 -0.000004 0.000617 -0.000008
229 99092463031.500000  -0.002663 0.002727 76687  -0.000001 0.000637 -0.013503 0.049186  -0.114110 0.009346   76092 -0.000000 0.000616 0.000002
230 99099097326.000000  -0.003027 0.002587 76682  0.000003 0.000629 -0.008267 0.043473  0.217045 -0.017777   76078 0.000003 0.000608 0.000003
231 99105731620.500000  -0.002675 0.002684 76695  0.000001 0.000658 -0.010890 -0.028443  0.058565 -0.004797   76189 0.000002 0.000640 0.000001
232 99112365915.000000  -0.002797 0.002573 76689  -0.000002 0.000631 -0.015214 0.023909  -0.135041 0.011061   76098 -0.000002 0.000611 -0.000002
233 99119000209.500000  -0.002626 0.002566 76704  0.000001 0.000648 -0.012828 0.060563  0.108631 -0.008897   76083 0.000002 0.000626 0.000001
234 99125634504.000000  -0.002502 0.002774 76698  0.000002 0.000624 0.042797 0.029920  0.170567 -0.013970   76146 0.000001 0.000605 -0.000003
235 99132268798.500000  -0.002958 0.003150 76701  0.000000 0.000651 0.034575 0.039974  0.000880 -0.000072   76181 -0.000001 0.000632 -0.000004
236 99138903093.000000  -0.003112 0.002991 76711  0.000004 0.000689 0.013607 -0.009243  0.342251 -0.028032   76227 0.000003 0.000671 0.000005
237 99145537387.500000  -0.002630 0.003563 76709  0.000003 0.000648 0.039132 0.056564  0.266582 -0.021834   76181 0.000001 0.000629 -0.000000
238 99152171682.000000  -0.002594 0.002783 76710  0.000001 0.000666 0.019289 -0.002003  0.083696 -0.006855   76180 0.000000 0.000647 -0.000000
239 99158805976.500000  -0.002564 0.003003 76707  0.000002 0.000654 0.000289 -0.039390  0.125616 -0.010289   76245 0.000002 0.000638 0.000003
240 99165440271.000000  -0.002651 0.003013 76711  0.000003 0.000637 0.029357 0.056075  0.268286 -0.021974   76116 0.000002 0.000616 0.000002
241 99172074565.500000  -0.002525 0.002581 76725  -0.000001 0.000677 0.059123 -0.071743  -0.065974 0.005404   76270 -0.000004 0.000660 -0.000010
242 99178708860.000000  -0.003226 0.002633 76710  0.000001 0.000669 0.030180 0.086838  0.111543 -0.009136   76055 0.000000 0.000646 -0.000005
243 99185343154.500000  -0.003020 0.005473 76723  0.000001 0.000714 0.130033 0.592986  0.049882 -0.004086   75966 -0.000005 0.000680 -0.000008
244 99191977449.000000  -0.002688 0.005959 76719  -0.000002 0.000716 0.323277 1.778162  -0.170221 0.013942   75934 -0.000011 0.000672 -0.000010
245 99198611743.500000  -0.003246 0.013832 76721  0.000010 0.000795 1.413638 16.289232  0.777898 -0.063714   75828 -0.000004 0.000706 -0.000003
246 99205246038.000000  -0.003703 0.019257 76727  0.000012 0.000839 2.519948 39.496452  0.936648 -0.076716   75882 -0.000006 0.000724 0.000001
247 99211880332.500000  -0.003090 0.015102 76725  0.000013 0.000803 1.810272 22.804655  0.973370 -0.079724   75794 -0.000005 0.000703 -0.000002
248 99218514627.000000  -0.002750 0.016289 76727  0.000008 0.000773 1.568600 22.927016  0.636144 -0.052103   75957 -0.000005 0.000699 -0.000002
249 99225148921.500000  -0.003059 0.013325 76726  0.000005 0.000722 1.099173 13.043811  0.367851 -0.030129   75980 -0.000007 0.000661 -0.000010
250 99231783216.000000  -0.002812 0.020558 76728  0.000015 0.000805 2.731665 45.904865  1.121045 -0.091819   75971 -0.000004 0.000698 -0.000003
251 99238417510.500000  -0.003180 0.025138 76734  0.000015 0.000824 4.743217 99.147041  1.138416 -0.093242   75986 -0.000004 0.000679 -0.000004
252 99245051805.000000  -0.003561 0.023657 76749  0.000013 0.000821 4.489936 89.297927  1.025340 -0.083980   76011 -0.000004 0.000683 -0.000005
253 99251686099.500000  -0.002769 0.012098 76740  0.000008 0.000761 1.128481 11.920879  0.611537 -0.050088   76003 -0.000004 0.000695 -0.000008
254 99258320394.000000  -0.002448 0.008457 76751  0.000006 0.000697 0.435721 3.379241  0.462445 -0.037876   76174 -0.000001 0.000661 -0.000003
255 99264954688.500000  -0.003030 0.005153 76749  -0.000003 0.000683 0.044293 0.321641  -0.244608 0.020035   76114 -0.000005 0.000658 -0.000004
256 99271588983.000000  -0.002689 0.002625 76752  -0.000002 0.000655 0.030888 -0.020062  -0.159912 0.013098   76247 -0.000003 0.000637 -0.000008
257 99278223277.500000  -0.003009 0.002883 76754  -0.000002 0.000670 -0.007679 0.006814  -0.173191 0.014185   76246 -0.000002 0.000651 -0.000002
258 99284857572.000000  -0.003223 0.002996 76753  0.000002 0.000669 -0.008876 0.055189  0.137523 -0.011264   76167 0.000002 0.000648 0.000004
259 99291491866.500000  -0.003000 0.003016 76763  -0.000002 0.000672 0.038475 0.004319  -0.117620 0.009634   76250 -0.000003 0.000653 -0.000007
260 99298126161.000000  -0.002827 0.002597 76757  0.000001 0.000687 -0.009971 -0.000783  0.111923 -0.009167   76225 0.000003 0.000667 -0.000002
261 99304760455.500000  -0.002691 0.002768 76765  0.000003 0.000654 0.058038 -0.017380  0.255914 -0.020961   76260 0.000000 0.000636 -0.000005
262 99311394750.000000  -0.002906 0.002568 76758  -0.000003 0.000652 -0.027169 0.053004  -0.215799 0.017675   76170 -0.000001 0.000631 -0.000001
263 99318029044.500000  -0.002994 0.003031 76764  -0.000001 0.000667 0.002111 0.043765  -0.043968 0.003601   76207 -0.000001 0.000647 0.000003
264 99324663339.000000  -0.002738 0.002666 76763  -0.000002 0.000663 -0.013753 0.031314  -0.134822 0.011043   76202 -0.000001 0.000643 0.000002
265 99331297633.500000  -0.002847 0.002844 76765  0.000000 0.000670 0.004923 -0.031524  0.024876 -0.002037   76309 0.000001 0.000653 -0.000002
266 99337931928.000000  -0.002601 0.002588 76762  -0.000005 0.000654 -0.015629 0.013911  -0.393011 0.032189   76192 -0.000004 0.000634 -0.000002
267 99344566222.500000  -0.002942 0.002908 76765  -0.000001 0.000671 0.023592 0.034173  -0.079579 0.006518   76172 -0.000002 0.000650 -0.000003
268 99351200517.000000  -0.002990 0.003123 76764  -0.000000 0.000660 -0.000439 0.029446  -0.028950 0.002371   76200 -0.000000 0.000640 0.000000
269 99357834811.500000  -0.002659 0.002731 76766  -0.000002 0.000662 -0.016688 -0.004320  -0.184985 0.015151   76203 -0.000002 0.000642 0.000001
270 99364469106.000000  -0.003118 0.002988 76767  -0.000001 0.000663 -0.000269 0.007488  -0.044729 0.003664   76224 -0.000000 0.000644 0.000002
271 99371103400.500000  -0.002766 0.002831 76777  -0.000000 0.000638 -0.006820 0.010811  -0.028605 0.002343   76259 -0.000001 0.000620 0.000002
272 99377737695.000000  -0.003056 0.003228 76771  0.000002 0.000675 0.000200 0.047229  0.180099 -0.014751   76176 0.000002 0.000653 0.000003
273 99384371989.500000  -0.003028 0.002545 76775  0.000001 0.000642 -0.013355 -0.012721  0.074808 -0.006127   76263 0.000002 0.000624 0.000001
274 99391006284.000000  -0.003780 0.002642 76765  -0.000001 0.000632 -0.042489 0.132895  -0.086214 0.007061   76140 0.000001 0.000609 0.000002
275 99397640578.500000  -0.002576 0.003063 76758  -0.000003 0.000655 0.000472 -0.025441  -0.232419 0.019036   76236 -0.000004 0.000637 -0.000001
276 99404274873.000000  -0.002708 0.002639 76759  0.000001 0.000633 0.011333 0.006340  0.091597 -0.007502   76235 0.000000 0.000614 -0.000001
277 99410909167.500000  -0.002543 0.002690 76753  0.000001 0.000672 0.013387 -0.025354  0.091885 -0.007526   76203 0.000001 0.000653 0.000001
278 99417543462.000000  -0.002564 0.002921 76758  0.000001 0.000644 0.032003 0.070289  0.072316 -0.005923   76120 -0.000002 0.000622 -0.000002
279 99424177756.500000  -0.002870 0.002552 76749  0.000001 0.000647 -0.030535 0.027392  0.095430 -0.007816   76179 0.000003 0.000628 0.000007
280 99430812051.000000  -0.003075 0.002936 76746  -0.000002 0.000670 0.000698 0.036404  -0.191047 0.015648   76224 -0.000003 0.000651 -0.000003
281 99437446345.500000  -0.002820 0.002757 76756  0.000002 0.000674 -0.013016 -0.005937  0.169117 -0.013851   76229 0.000003 0.000655 0.000004
282 99444080640.000000  -0.002844 0.002825 76751  0.000001 0.000708 0.009027 -0.043829  0.108357 -0.008875   76283 0.000001 0.000690 0.000003
