# iz z min  max  N  mean sigma skew kurt sum sum  robust[N mean sig med]
1 85692999103.000000  -0.003841 0.003562 89504  -0.000003 0.000878 -0.028603 0.024893  -0.301259 0.021728   88807 -0.000001 0.000850 -0.000002
2 85698841150.000000  -0.003343 0.003255 89410  0.000005 0.000798 0.006411 0.058742  0.454990 -0.032816   88628 0.000005 0.000770 0.000002
3 85704683197.000000  -0.003215 0.005472 89381  0.000001 0.000809 0.018326 0.295676  0.076999 -0.005553   88646 0.000003 0.000779 -0.000000
4 85710525244.000000  -0.003106 0.003700 89406  0.000006 0.000802 0.028544 0.014812  0.563913 -0.040672   88818 0.000005 0.000780 0.000001
5 85716367291.000000  -0.003033 0.003272 89430  0.000005 0.000768 -0.025964 -0.002751  0.442553 -0.031919   88806 0.000007 0.000745 0.000010
6 85722209338.000000  -0.003132 0.003142 89395  0.000002 0.000748 -0.022522 0.061694  0.184394 -0.013299   88664 0.000002 0.000722 0.000012
7 85728051385.000000  -0.002991 0.003211 89397  0.000000 0.000739 -0.027341 0.039732  0.018539 -0.001337   88721 0.000002 0.000715 0.000003
8 85733893432.000000  -0.002910 0.003216 89400  0.000001 0.000754 0.023916 -0.019924  0.082631 -0.005960   88795 -0.000000 0.000734 -0.000003
9 85739735479.000000  -0.003004 0.003415 89401  -0.000003 0.000757 0.012639 -0.052455  -0.254845 0.018380   88856 -0.000004 0.000738 -0.000005
10 85745577526.000000  -0.003040 0.003543 89410  -0.000002 0.000755 0.010933 -0.002284  -0.183191 0.013212   88823 -0.000002 0.000734 -0.000001
11 85751419573.000000  -0.003110 0.002920 89405  0.000006 0.000747 0.001984 -0.019554  0.574022 -0.041401   88840 0.000007 0.000727 0.000004
12 85757261620.000000  -0.002885 0.003020 89403  0.000004 0.000723 -0.019535 0.025554  0.337150 -0.024317   88734 0.000004 0.000701 0.000009
13 85763103667.000000  -0.003254 0.003044 89403  0.000003 0.000734 -0.020240 0.059211  0.289354 -0.020869   88699 0.000004 0.000710 0.000004
14 85768945714.000000  -0.003137 0.002950 89406  -0.000001 0.000734 -0.033227 0.032002  -0.092172 0.006648   88711 0.000002 0.000710 0.000004
15 85774787761.000000  -0.003064 0.002902 89408  -0.000001 0.000725 0.024518 -0.062067  -0.094524 0.006817   88884 -0.000003 0.000707 -0.000005
16 85780629808.000000  -0.002925 0.003577 89414  -0.000001 0.000726 0.058125 0.060457  -0.104907 0.007566   88754 -0.000005 0.000703 -0.000008
17 85786471855.000000  -0.003498 0.003688 89414  0.000004 0.000736 0.012932 0.042792  0.364389 -0.026281   88817 0.000002 0.000714 0.000006
18 85792313902.000000  -0.002836 0.003072 89407  -0.000001 0.000708 -0.013714 0.037718  -0.058050 0.004187   88745 0.000001 0.000686 -0.000001
19 85798155949.000000  -0.002957 0.003183 89406  -0.000000 0.000729 0.038108 0.086084  -0.007628 0.000550   88639 -0.000003 0.000703 -0.000003
20 85803997996.000000  -0.002935 0.002563 89407  -0.000002 0.000708 -0.021550 -0.071146  -0.221545 0.015979   88880 0.000000 0.000691 -0.000003
21 85809840043.000000  -0.002760 0.003092 89412  0.000005 0.000712 -0.007711 -0.029944  0.410009 -0.029572   88846 0.000005 0.000693 0.000006
22 85815682090.000000  -0.003129 0.002910 89416  -0.000004 0.000726 -0.042964 -0.010626  -0.340340 0.024547   88773 -0.000002 0.000705 0.000002
23 85821524137.000000  -0.003189 0.003449 89421  0.000004 0.000717 0.032522 0.035998  0.392424 -0.028303   88852 0.000002 0.000697 0.000003
24 85827366184.000000  -0.002761 0.002878 89420  0.000000 0.000706 -0.006721 -0.071048  0.008999 -0.000649   88923 0.000000 0.000689 0.000003
25 85833208231.000000  -0.002679 0.002682 89413  0.000000 0.000702 -0.009314 -0.044079  0.023800 -0.001717   88831 -0.000001 0.000683 0.000006
26 85839050278.000000  -0.003034 0.003613 89411  -0.000000 0.000729 0.020267 0.148122  -0.012743 0.000919   88649 -0.000000 0.000702 -0.000002
27 85844892325.000000  -0.003080 0.002875 89409  -0.000003 0.000724 0.045615 -0.046126  -0.286388 0.020655   88856 -0.000005 0.000706 -0.000016
28 85850734372.000000  -0.003065 0.002910 89400  0.000003 0.000697 0.005406 -0.022660  0.235310 -0.016971   88804 0.000003 0.000678 -0.000002
29 85856576419.000000  -0.003158 0.002977 89405  -0.000001 0.000700 0.057036 0.062824  -0.069020 0.004978   88693 -0.000004 0.000677 -0.000006
30 85862418466.000000  -0.002712 0.002873 89404  0.000001 0.000712 0.017429 -0.110454  0.110410 -0.007963   88912 -0.000001 0.000697 0.000000
31 85868260513.000000  -0.002905 0.002995 89399  -0.000001 0.000712 -0.025198 0.008907  -0.112831 0.008138   88728 -0.000001 0.000690 0.000005
32 85874102560.000000  -0.002987 0.002918 89375  -0.000001 0.000722 0.001631 0.041917  -0.073158 0.005276   88636 -0.000001 0.000698 -0.000001
33 85879944607.000000  -0.002913 0.003052 89401  -0.000001 0.000694 0.014292 -0.043880  -0.105428 0.007604   88892 -0.000002 0.000677 -0.000000
34 85885786654.000000  -0.002856 0.003170 89428  0.000000 0.000706 0.035124 0.037557  0.020943 -0.001511   88732 -0.000002 0.000683 -0.000004
35 85891628701.000000  -0.002895 0.002689 89409  -0.000001 0.000681 0.002175 0.044394  -0.051852 0.003740   88716 -0.000000 0.000659 -0.000000
36 85897470748.000000  -0.003232 0.003176 89402  -0.000001 0.000728 -0.010281 0.019835  -0.069303 0.004998   88777 -0.000000 0.000706 0.000000
37 85903312795.000000  -0.003132 0.002855 89403  -0.000000 0.000722 -0.031966 0.003651  -0.007567 0.000546   88794 0.000001 0.000701 0.000006
38 85909154842.000000  -0.002966 0.003369 89409  0.000003 0.000713 -0.001227 0.053192  0.307205 -0.022157   88694 0.000004 0.000689 0.000002
39 85914996889.000000  -0.003048 0.002659 89408  -0.000006 0.000697 0.036877 -0.038997  -0.515108 0.037152   88855 -0.000009 0.000679 -0.000013
40 85920838936.000000  -0.002719 0.002799 89411  -0.000004 0.000709 0.020599 -0.001394  -0.345925 0.024949   88772 -0.000005 0.000688 -0.000007
41 85926680983.000000  -0.003638 0.002808 89410  0.000007 0.000685 -0.024123 -0.054256  0.613932 -0.044279   88905 0.000008 0.000668 0.000009
42 85932523030.000000  -0.002714 0.002830 89408  0.000001 0.000708 -0.008762 -0.068366  0.113711 -0.008201   88851 0.000002 0.000690 0.000002
43 85938365077.000000  -0.002936 0.002911 89405  -0.000002 0.000723 -0.028082 0.026868  -0.140887 0.010161   88710 0.000001 0.000700 0.000001
44 85944207124.000000  -0.003080 0.002994 89409  -0.000001 0.000712 -0.003802 -0.008540  -0.085313 0.006153   88800 0.000001 0.000692 -0.000002
45 85950049171.000000  -0.002812 0.002887 89412  0.000005 0.000718 -0.004295 -0.032727  0.483369 -0.034863   88771 0.000005 0.000697 0.000005
46 85955891218.000000  -0.003314 0.002955 89411  -0.000003 0.000710 -0.000667 -0.002364  -0.252549 0.018215   88824 -0.000003 0.000690 -0.000001
47 85961733265.000000  -0.003338 0.003124 89410  0.000003 0.000742 -0.005891 -0.002490  0.286086 -0.020634   88800 0.000005 0.000721 0.000002
48 85967575312.000000  -0.003669 0.003474 89411  -0.000001 0.000745 -0.037346 0.102030  -0.109845 0.007922   88725 0.000001 0.000720 0.000000
49 85973417359.000000  -0.002772 0.005422 89411  0.000002 0.000718 0.075596 0.389215  0.160712 -0.011591   88697 -0.000000 0.000692 0.000002
50 85979259406.000000  -0.003075 0.004316 89412  0.000001 0.000711 0.029342 0.110167  0.077239 -0.005571   88786 0.000000 0.000689 -0.000002
51 85985101453.000000  -0.002890 0.003974 89412  0.000006 0.000724 0.046986 0.070412  0.558888 -0.040309   88712 0.000003 0.000700 0.000002
52 85990943500.000000  -0.002934 0.003156 89412  0.000002 0.000700 -0.004276 0.038632  0.166930 -0.012040   88751 0.000003 0.000678 0.000001
53 85996785547.000000  -0.003419 0.004765 89411  -0.000002 0.000740 0.052778 0.183577  -0.151865 0.010953   88684 -0.000003 0.000713 -0.000010
54 86002627594.000000  -0.003013 0.005765 89407  0.000003 0.000751 0.034066 0.214392  0.229915 -0.016582   88806 0.000001 0.000728 0.000001
55 86008469641.000000  -0.003193 0.005827 89405  0.000006 0.000740 0.049720 0.368468  0.548610 -0.039568   88649 0.000006 0.000712 0.000005
56 86014311688.000000  -0.003033 0.003478 89407  0.000006 0.000742 0.029835 0.099684  0.558946 -0.040313   88652 0.000004 0.000716 0.000004
57 86020153735.000000  -0.002863 0.004353 89406  0.000002 0.000749 0.034198 0.071126  0.192533 -0.013886   88809 -0.000000 0.000727 -0.000001
58 86025995782.000000  -0.002797 0.004060 89405  -0.000002 0.000714 -0.010096 0.043473  -0.206330 0.014881   88816 -0.000002 0.000694 0.000003
59 86031837829.000000  -0.003113 0.005353 89405  -0.000000 0.000719 0.051956 0.280018  -0.021922 0.001581   88665 -0.000001 0.000693 0.000001
60 86037679876.000000  -0.003023 0.008214 89406  0.000002 0.000732 0.153234 1.392244  0.215354 -0.015532   88704 0.000001 0.000701 0.000001
61 86043521923.000000  -0.003193 0.005770 89375  0.000004 0.000737 0.057063 0.382077  0.327116 -0.023593   88754 0.000002 0.000712 0.000006
62 86049363970.000000  -0.002560 0.002979 89434  -0.000001 0.000713 0.053234 -0.006244  -0.073293 0.005286   88788 -0.000004 0.000692 -0.000008
63 86055206017.000000  -0.003192 0.003581 89404  0.000001 0.000737 -0.001701 0.040925  0.098996 -0.007140   88722 0.000001 0.000713 0.000003
64 86061048064.000000  -0.003236 0.003227 89396  -0.000002 0.000715 0.002558 0.098292  -0.211077 0.015224   88644 -0.000002 0.000690 -0.000002
65 86066890111.000000  -0.003146 0.003030 89396  0.000002 0.000726 0.035832 -0.040035  0.189267 -0.013651   88849 0.000002 0.000708 -0.000007
66 86072732158.000000  -0.003552 0.002976 89404  0.000002 0.000726 -0.060859 0.027032  0.178688 -0.012888   88794 0.000005 0.000705 0.000010
67 86078574205.000000  -0.002871 0.002680 89400  -0.000001 0.000721 -0.007084 -0.030158  -0.076653 0.005529   88789 -0.000001 0.000701 -0.000001
68 86084416252.000000  -0.003273 0.002661 89394  0.000005 0.000707 0.023128 -0.018942  0.406408 -0.029312   88786 0.000002 0.000687 0.000003
69 86090258299.000000  -0.002972 0.003017 89391  -0.000000 0.000687 -0.008711 -0.003472  -0.027227 0.001964   88786 0.000000 0.000667 0.000003
70 86096100346.000000  -0.003457 0.002811 89388  0.000003 0.000720 -0.007939 0.002217  0.236302 -0.017043   88763 0.000003 0.000699 0.000003
71 86101942393.000000  -0.003540 0.002939 89389  -0.000008 0.000737 -0.066400 0.073978  -0.740964 0.053441   88711 -0.000004 0.000713 -0.000003
72 86107784440.000000  -0.003186 0.003330 89390  0.000007 0.000743 0.016645 0.022522  0.659353 -0.047555   88764 0.000007 0.000721 0.000001
73 86113626487.000000  -0.003031 0.002781 89393  0.000001 0.000702 0.010587 0.027222  0.077738 -0.005607   88738 -0.000001 0.000681 -0.000002
74 86119468534.000000  -0.002988 0.003227 89395  0.000001 0.000710 -0.018293 -0.013102  0.095347 -0.006877   88774 0.000003 0.000690 -0.000000
75 86125310581.000000  -0.003263 0.003010 89396  -0.000002 0.000727 -0.021743 -0.028162  -0.167106 0.012052   88823 0.000000 0.000708 0.000001
76 86131152628.000000  -0.003234 0.003877 89399  -0.000001 0.000717 -0.006244 0.043571  -0.122876 0.008862   88782 0.000000 0.000696 -0.000002
77 86136994675.000000  -0.002876 0.003055 89394  0.000002 0.000708 0.033213 0.070901  0.195349 -0.014089   88665 0.000001 0.000684 -0.000003
78 86142836722.000000  -0.002695 0.003267 89392  0.000005 0.000713 0.049490 -0.027044  0.414703 -0.029910   88775 0.000001 0.000692 -0.000002
79 86148678769.000000  -0.002922 0.002955 89389  0.000001 0.000708 -0.027915 0.049794  0.108427 -0.007820   88642 0.000003 0.000684 0.000006
80 86154520816.000000  -0.002891 0.002917 89381  -0.000004 0.000731 -0.003721 -0.031042  -0.328725 0.023709   88813 -0.000004 0.000712 0.000003
81 86160362863.000000  -0.002993 0.002908 89380  -0.000001 0.000696 0.014456 0.042922  -0.118183 0.008524   88700 -0.000001 0.000674 -0.000006
82 86166204910.000000  -0.002850 0.003032 89383  -0.000006 0.000716 0.047989 0.037041  -0.575824 0.041531   88673 -0.000010 0.000693 -0.000014
83 86172046957.000000  -0.003093 0.003014 89384  0.000003 0.000719 -0.001022 -0.025986  0.259510 -0.018717   88849 0.000002 0.000701 0.000004
84 86177889004.000000  -0.003057 0.003095 89391  -0.000006 0.000703 -0.028119 -0.019644  -0.548399 0.039553   88838 -0.000004 0.000685 -0.000002
85 86183731051.000000  -0.003121 0.002846 89388  0.000000 0.000717 0.004574 -0.014005  0.032510 -0.002345   88782 -0.000000 0.000697 0.000001
86 86189573098.000000  -0.002912 0.003056 89387  -0.000002 0.000725 0.006164 -0.033354  -0.185169 0.013355   88825 -0.000003 0.000706 -0.000003
87 86195415145.000000  -0.002853 0.003211 89385  0.000001 0.000727 -0.000653 -0.006104  0.091292 -0.006584   88831 0.000001 0.000708 0.000001
88 86201257192.000000  -0.002932 0.003001 89387  -0.000001 0.000723 -0.000991 -0.034531  -0.049511 0.003571   88795 0.000001 0.000704 -0.000000
89 86207099239.000000  -0.002963 0.003157 89375  -0.000004 0.000772 -0.006090 -0.031207  -0.400030 0.028852   88770 -0.000004 0.000751 -0.000003
90 86212941286.000000  -0.002761 0.002983 89390  -0.000005 0.000712 -0.020683 0.023144  -0.479994 0.034619   88734 -0.000006 0.000690 -0.000002
91 86218783333.000000  -0.003280 0.003041 89418  -0.000001 0.000739 0.018474 0.064650  -0.074654 0.005384   88711 -0.000002 0.000715 -0.000005
92 86224625380.000000  -0.002758 0.002995 89395  -0.000002 0.000725 0.032100 -0.004923  -0.192130 0.013857   88798 -0.000004 0.000705 -0.000005
93 86230467427.000000  -0.002902 0.003926 89395  0.000006 0.000747 0.050888 0.019604  0.493436 -0.035589   88819 0.000002 0.000727 -0.000000
94 86236309474.000000  -0.002962 0.005084 89391  0.000002 0.000763 0.014909 0.216251  0.158052 -0.011399   88704 0.000002 0.000737 0.000007
95 86242151521.000000  -0.003379 0.008464 89388  0.000003 0.000795 0.361975 2.283947  0.270803 -0.019531   88478 -0.000007 0.000745 -0.000009
96 86247993568.000000  -0.003361 0.008304 89388  0.000003 0.000865 0.565217 3.719247  0.279718 -0.020174   88285 -0.000012 0.000791 -0.000011
97 86253835615.000000  -0.003459 0.019054 89387  0.000015 0.000894 2.601982 36.781809  1.347926 -0.097218   88206 -0.000010 0.000754 -0.000011
98 86259677662.000000  -0.003539 0.021758 89386  0.000012 0.000947 3.697444 59.581528  1.063491 -0.076703   88459 -0.000012 0.000785 -0.000011
99 86265519709.000000  -0.003089 0.023936 89385  0.000007 0.000903 4.402289 84.564881  0.612119 -0.044149   88564 -0.000012 0.000754 -0.000015
100 86271361756.000000  -0.007388 0.023982 89382  0.000010 0.000862 3.337762 68.577401  0.876701 -0.063231   88425 -0.000004 0.000744 -0.000007
101 86277203803.000000  -0.009583 0.015608 89380  0.000009 0.000847 1.857504 24.104391  0.767853 -0.055381   88406 -0.000015 0.000735 -0.000017
102 86283045850.000000  -0.003098 0.030706 89383  0.000017 0.000919 6.310275 146.800141  1.504046 -0.108478   88296 -0.000007 0.000719 -0.000008
103 86288887897.000000  -0.003083 0.025256 89385  0.000027 0.000966 5.430664 98.385639  2.397449 -0.172914   88433 -0.000002 0.000758 -0.000007
104 86294729944.000000  -0.003518 0.021520 89385  0.000012 0.000889 4.049380 67.263686  1.085934 -0.078322   88344 -0.000012 0.000729 -0.000014
105 86300571991.000000  -0.003249 0.010370 89381  0.000005 0.000766 0.934718 8.502111  0.438654 -0.031638   88488 -0.000008 0.000702 -0.000010
106 86306414038.000000  -0.002646 0.004373 89377  0.000003 0.000726 0.073463 0.133206  0.271613 -0.019590   88826 -0.000000 0.000705 -0.000004
107 86312256085.000000  -0.003081 0.003851 89370  -0.000005 0.000744 0.031230 0.151440  -0.410458 0.029604   88595 -0.000006 0.000717 -0.000008
108 86318098132.000000  -0.002879 0.002952 89374  0.000002 0.000740 0.010783 0.016500  0.144441 -0.010418   88751 0.000000 0.000718 0.000006
109 86323940179.000000  -0.002973 0.003179 89371  0.000003 0.000717 -0.009134 -0.010449  0.263051 -0.018972   88797 0.000005 0.000698 0.000000
110 86329782226.000000  -0.002927 0.003172 89370  -0.000003 0.000732 0.038498 0.026589  -0.259495 0.018716   88705 -0.000005 0.000710 -0.000006
111 86335624273.000000  -0.003458 0.003192 89369  0.000001 0.000716 0.040570 0.078368  0.107439 -0.007749   88608 -0.000001 0.000691 -0.000007
112 86341466320.000000  -0.002935 0.002955 89372  0.000002 0.000733 0.040527 0.030692  0.160772 -0.011596   88633 -0.000000 0.000709 -0.000006
113 86347308367.000000  -0.002922 0.003007 89369  0.000001 0.000724 0.002518 0.020513  0.069525 -0.005014   88679 0.000000 0.000701 0.000002
114 86353150414.000000  -0.003475 0.003000 89369  0.000003 0.000725 -0.047482 0.068904  0.227493 -0.016408   88690 0.000005 0.000701 0.000007
115 86358992461.000000  -0.003125 0.003116 89367  -0.000003 0.000711 -0.039437 0.077398  -0.245355 0.017696   88615 -0.000000 0.000686 0.000002
116 86364834508.000000  -0.003479 0.003202 89367  0.000002 0.000719 -0.005316 0.033434  0.162176 -0.011697   88703 0.000002 0.000696 0.000001
117 86370676555.000000  -0.002761 0.003394 89375  -0.000005 0.000732 0.024525 -0.033802  -0.411304 0.029665   88808 -0.000006 0.000713 -0.000010
118 86376518602.000000  -0.003091 0.002909 89359  -0.000002 0.000745 -0.001170 0.055616  -0.177064 0.012771   88629 -0.000002 0.000720 -0.000003
119 86382360649.000000  -0.003111 0.002925 89370  0.000000 0.000746 -0.009311 -0.037399  0.005292 -0.000382   88816 0.000001 0.000727 -0.000001
120 86388202696.000000  -0.002971 0.003486 89387  0.000001 0.000742 0.034873 0.045754  0.052504 -0.003787   88722 -0.000002 0.000719 -0.000005
121 86394044743.000000  -0.003028 0.002730 89366  0.000007 0.000705 -0.026594 -0.012498  0.603985 -0.043562   88740 0.000009 0.000686 0.000013
122 86399886790.000000  -0.003025 0.003605 89364  -0.000002 0.000755 -0.021471 0.044489  -0.203471 0.014675   88708 -0.000001 0.000732 0.000006
123 86405728837.000000  -0.002746 0.004376 89356  0.000002 0.000717 0.052461 0.034395  0.197504 -0.014245   88806 -0.000001 0.000697 -0.000001
124 86411570884.000000  -0.003262 0.003979 89356  -0.000004 0.000751 -0.015963 0.111252  -0.318240 0.022953   88646 -0.000003 0.000725 0.000002
125 86417412931.000000  -0.003139 0.004116 89353  0.000002 0.000761 0.022521 0.024974  0.155037 -0.011182   88774 0.000000 0.000740 -0.000003
126 86423254978.000000  -0.003390 0.004594 89357  -0.000002 0.000738 -0.017095 0.125283  -0.153371 0.011062   88713 -0.000000 0.000714 0.000004
127 86429097025.000000  -0.003491 0.005746 89356  0.000001 0.000761 0.050939 0.255882  0.103530 -0.007467   88679 0.000001 0.000734 -0.000004
128 86434939072.000000  -0.002768 0.003827 89352  0.000001 0.000740 0.018668 -0.024033  0.127638 -0.009206   88742 0.000000 0.000719 -0.000002
129 86440781119.000000  -0.003030 0.003179 89352  -0.000001 0.000727 0.054821 -0.050443  -0.062309 0.004494   88817 -0.000001 0.000709 -0.000011
130 86446623166.000000  -0.003380 0.003017 89349  0.000002 0.000764 -0.030775 0.014530  0.147944 -0.010670   88677 0.000004 0.000740 0.000008
131 86452465213.000000  -0.002811 0.003224 89346  0.000001 0.000745 0.030350 0.032879  0.046458 -0.003351   88663 -0.000002 0.000721 -0.000004
132 86458307260.000000  -0.002980 0.003723 89347  0.000005 0.000738 -0.006668 0.018758  0.406540 -0.029321   88713 0.000005 0.000716 0.000005
133 86464149307.000000  -0.003685 0.003394 89344  -0.000001 0.000735 0.004198 0.022620  -0.053989 0.003894   88790 -0.000001 0.000715 0.000000
134 86469991354.000000  -0.002871 0.002703 89345  0.000001 0.000746 -0.036495 -0.074727  0.103420 -0.007459   88809 0.000003 0.000728 0.000006
135 86475833401.000000  -0.002976 0.002971 89343  0.000005 0.000713 0.032577 0.010806  0.417060 -0.030080   88726 0.000004 0.000692 -0.000001
136 86481675448.000000  -0.003166 0.002939 89341  0.000000 0.000714 -0.004672 -0.027705  0.036241 -0.002614   88766 0.000001 0.000695 -0.000001
137 86487517495.000000  -0.002976 0.002859 89339  -0.000004 0.000733 0.041705 -0.014222  -0.343401 0.024767   88716 -0.000006 0.000713 -0.000010
138 86493359542.000000  -0.003148 0.002866 89338  -0.000001 0.000742 -0.005598 -0.016923  -0.055843 0.004028   88761 0.000000 0.000722 -0.000004
139 86499201589.000000  -0.002954 0.003356 89338  -0.000002 0.000751 0.064651 -0.036723  -0.221004 0.015940   88819 -0.000005 0.000732 -0.000011
140 86505043636.000000  -0.003229 0.003016 89338  -0.000001 0.000720 -0.006490 0.044168  -0.067269 0.004852   88654 0.000001 0.000697 -0.000004
141 86510885683.000000  -0.003046 0.003026 89329  0.000001 0.000724 -0.042248 0.039084  0.084135 -0.006068   88587 0.000004 0.000699 0.000007
142 86516727730.000000  -0.003279 0.003244 89332  0.000003 0.000735 -0.010872 0.055053  0.232890 -0.016797   88651 0.000001 0.000712 0.000009
143 86522569777.000000  -0.003031 0.003409 89326  -0.000001 0.000743 0.022311 0.042100  -0.087064 0.006279   88662 -0.000002 0.000720 -0.000002
144 86528411824.000000  -0.002827 0.002811 89327  -0.000001 0.000737 0.021873 -0.058340  -0.119709 0.008634   88748 -0.000003 0.000718 -0.000001
145 86534253871.000000  -0.003229 0.002926 89329  -0.000001 0.000711 0.009504 -0.026181  -0.097925 0.007063   88733 -0.000002 0.000691 -0.000005
146 86540095918.000000  -0.002777 0.002905 89330  -0.000003 0.000742 0.008488 -0.092270  -0.273037 0.019693   88813 -0.000003 0.000724 -0.000003
147 86545937965.000000  -0.002993 0.003056 89309  0.000005 0.000764 0.058830 -0.012765  0.442129 -0.031888   88679 0.000001 0.000742 -0.000003
148 86551780012.000000  -0.003221 0.003130 89352  0.000003 0.000755 -0.003342 -0.006505  0.234930 -0.016944   88704 0.000003 0.000732 0.000003
149 86557622059.000000  -0.002746 0.002965 89331  -0.000002 0.000736 -0.003009 -0.019910  -0.166400 0.012001   88712 -0.000002 0.000715 0.000001
150 86563464106.000000  -0.003029 0.003409 89340  -0.000003 0.000745 -0.002047 0.086512  -0.285803 0.020613   88607 -0.000003 0.000719 -0.000005
151 86569306153.000000  -0.003337 0.003067 89341  0.000002 0.000729 -0.008490 0.003771  0.179701 -0.012961   88695 0.000003 0.000707 0.000007
152 86575148200.000000  -0.003738 0.003989 89339  0.000001 0.000748 0.010595 0.126181  0.125819 -0.009075   88597 0.000001 0.000721 0.000003
153 86580990247.000000  -0.002968 0.002934 89335  -0.000001 0.000720 0.000094 0.063325  -0.068060 0.004909   88635 0.000000 0.000696 -0.000003
154 86586832294.000000  -0.002687 0.003412 89335  0.000006 0.000734 0.082587 0.054444  0.500125 -0.036071   88650 0.000001 0.000710 -0.000008
155 86592674341.000000  -0.003050 0.003126 89334  -0.000000 0.000759 0.011504 -0.018794  -0.040081 0.002891   88749 -0.000001 0.000738 -0.000001
156 86598516388.000000  -0.003029 0.002670 89339  -0.000000 0.000743 -0.024328 -0.012241  -0.012030 0.000868   88693 0.000001 0.000722 0.000003
157 86604358435.000000  -0.003334 0.003289 89346  0.000006 0.000737 0.001131 0.008123  0.507985 -0.036638   88738 0.000006 0.000716 0.000005
158 86610200482.000000  -0.003591 0.003012 89354  0.000002 0.000738 -0.023000 0.037072  0.215095 -0.015514   88706 0.000004 0.000715 0.000004
159 86616042529.000000  -0.003120 0.003229 89356  -0.000006 0.000735 -0.000726 0.079578  -0.491767 0.035468   88579 -0.000006 0.000708 -0.000005
160 86621884576.000000  -0.002952 0.003159 89365  -0.000004 0.000729 0.067316 0.062969  -0.381140 0.027489   88623 -0.000008 0.000704 -0.000012
161 86627726623.000000  -0.003295 0.003056 89369  0.000003 0.000744 -0.036234 0.150336  0.270582 -0.019515   88509 0.000007 0.000714 0.000001
162 86633568670.000000  -0.002786 0.003119 89373  -0.000001 0.000750 0.019311 -0.077018  -0.079098 0.005705   88857 -0.000002 0.000732 -0.000001
163 86639410717.000000  -0.003106 0.003053 89371  0.000006 0.000739 -0.018079 0.000093  0.539620 -0.038920   88719 0.000007 0.000717 0.000007
164 86645252764.000000  -0.003290 0.003675 89373  0.000001 0.000753 0.019707 0.034398  0.110219 -0.007949   88738 -0.000000 0.000731 0.000004
165 86651094811.000000  -0.003252 0.003194 89372  -0.000003 0.000726 0.027168 -0.009756  -0.273072 0.019695   88758 -0.000005 0.000706 -0.000005
166 86656936858.000000  -0.003157 0.003397 89372  -0.000004 0.000754 0.014730 0.112294  -0.367772 0.026525   88584 -0.000005 0.000725 -0.000006
167 86662778905.000000  -0.003026 0.006919 89377  0.000004 0.000795 0.265332 1.124782  0.327879 -0.023648   88625 -0.000005 0.000757 -0.000010
168 86668620952.000000  -0.003450 0.017591 89379  0.000011 0.000860 2.532642 36.030803  1.009839 -0.072834   88482 -0.000011 0.000744 -0.000017
169 86674462999.000000  -0.003098 0.022143 89371  0.000013 0.000881 3.916088 69.219009  1.145855 -0.082644   88564 -0.000007 0.000738 -0.000009
170 86680305046.000000  -0.003346 0.021237 89369  0.000007 0.000862 3.340902 59.610292  0.587655 -0.042384   88582 -0.000010 0.000742 -0.000010
171 86686147093.000000  -0.004762 0.014713 89375  0.000003 0.000807 1.049537 14.067214  0.292824 -0.021120   88515 -0.000005 0.000744 -0.000008
172 86691989140.000000  -0.005941 0.011765 89380  0.000012 0.000785 0.625037 6.644076  1.060736 -0.076505   88528 0.000002 0.000729 0.000006
173 86697831187.000000  -0.003189 0.023511 89381  0.000010 0.000820 3.666345 77.122272  0.867792 -0.062589   88519 -0.000003 0.000705 0.000002
174 86703673234.000000  -0.003075 0.022164 89391  0.000012 0.000865 3.413228 60.335599  1.112222 -0.080218   88493 -0.000004 0.000736 -0.000006
175 86709515281.000000  -0.003000 0.014635 89388  0.000009 0.000808 1.523117 18.678642  0.774997 -0.055896   88545 -0.000007 0.000729 -0.000007
176 86715357328.000000  -0.003287 0.005394 89376  0.000001 0.000783 0.100608 0.376753  0.112134 -0.008088   88630 -0.000005 0.000752 -0.000005
177 86721199375.000000  -0.002956 0.004511 89429  0.000001 0.000737 0.038984 0.216688  0.123195 -0.008885   88668 -0.000001 0.000709 0.000003
178 86727041422.000000  -0.002854 0.002852 89399  -0.000002 0.000726 0.006190 0.007080  -0.137340 0.009906   88736 -0.000003 0.000704 -0.000003
179 86732883469.000000  -0.003028 0.003348 89404  -0.000005 0.000727 0.011877 -0.015727  -0.432870 0.031220   88849 -0.000005 0.000708 -0.000008
180 86738725516.000000  -0.003043 0.003633 89398  -0.000003 0.000735 -0.023220 0.123258  -0.285595 0.020598   88615 -0.000001 0.000707 -0.000000
181 86744567563.000000  -0.003016 0.007325 89398  -0.000000 0.000740 0.294877 1.558035  -0.017794 0.001283   88578 -0.000009 0.000701 -0.000019
182 86750409610.000000  -0.003466 0.010463 89397  0.000004 0.000818 1.219184 11.187917  0.386119 -0.027848   88481 -0.000012 0.000732 -0.000006
183 86756251657.000000  -0.002989 0.013108 89394  0.000016 0.000839 1.601775 16.520905  1.432084 -0.103288   88419 -0.000005 0.000737 0.000000
184 86762093704.000000  -0.003336 0.020694 89400  0.000017 0.000911 2.800656 41.103713  1.480605 -0.106787   88424 -0.000008 0.000770 -0.000004
185 86767935751.000000  -0.002893 0.023238 89402  0.000018 0.000906 3.882410 68.699105  1.608422 -0.116006   88566 -0.000007 0.000759 -0.000010
186 86773777798.000000  -0.002972 0.024096 89404  0.000011 0.000841 4.418392 91.842470  1.026264 -0.074018   88555 -0.000004 0.000709 0.000001
187 86779619845.000000  -0.007539 0.020873 89407  0.000007 0.000841 2.209360 40.598645  0.596050 -0.042990   88532 -0.000004 0.000746 -0.000001
188 86785461892.000000  -0.006696 0.022079 89410  0.000020 0.000855 3.186555 55.850411  1.828600 -0.131886   88484 0.000001 0.000723 0.000002
189 86791303939.000000  -0.003057 0.029219 89408  0.000021 0.000912 5.622371 123.170205  1.872754 -0.135071   88586 -0.000003 0.000734 -0.000003
190 86797145986.000000  -0.003284 0.026586 89414  0.000025 0.000944 6.569088 130.426373  2.216332 -0.159851   88562 -0.000003 0.000725 -0.000011
191 86802988033.000000  -0.002840 0.018022 89417  0.000015 0.000863 3.006291 44.022070  1.335702 -0.096336   88492 -0.000004 0.000733 -0.000008
192 86808830080.000000  -0.002756 0.008446 89422  0.000005 0.000734 0.355241 2.735516  0.459335 -0.033129   88696 -0.000001 0.000695 0.000001
193 86814672127.000000  -0.002932 0.003757 89425  -0.000002 0.000724 -0.029854 0.075665  -0.143731 0.010366   88759 -0.000000 0.000700 0.000004
194 86820514174.000000  -0.002741 0.002808 89424  -0.000001 0.000718 0.020433 -0.014930  -0.063233 0.004561   88809 -0.000002 0.000698 -0.000005
195 86826356221.000000  -0.002965 0.002654 89423  0.000003 0.000712 -0.044156 0.074854  0.225736 -0.016281   88638 0.000007 0.000686 0.000005
196 86832198268.000000  -0.002975 0.003195 89427  0.000000 0.000703 0.021785 0.029944  0.025640 -0.001849   88759 -0.000001 0.000682 -0.000001
197 86838040315.000000  -0.002692 0.003031 89430  -0.000001 0.000714 0.007342 -0.023620  -0.071837 0.005181   88829 -0.000001 0.000695 -0.000001
198 86843882362.000000  -0.002749 0.003203 89429  0.000001 0.000711 0.051186 0.058388  0.063138 -0.004554   88720 -0.000003 0.000687 -0.000006
199 86849724409.000000  -0.003254 0.002802 89429  -0.000006 0.000700 -0.016508 0.026848  -0.522912 0.037715   88788 -0.000005 0.000679 -0.000003
200 86855566456.000000  -0.003005 0.002784 89430  -0.000005 0.000724 -0.012074 -0.040868  -0.457197 0.032975   88815 -0.000005 0.000704 -0.000000
201 86861408503.000000  -0.002603 0.003392 89429  0.000003 0.000682 0.032873 0.073290  0.269615 -0.019446   88732 0.000002 0.000660 -0.000001
202 86867250550.000000  -0.002658 0.003089 89432  -0.000002 0.000701 0.067315 0.052349  -0.155542 0.011218   88768 -0.000005 0.000679 -0.000013
203 86873092597.000000  -0.002660 0.002811 89428  0.000000 0.000677 0.029945 0.019175  0.031445 -0.002268   88768 0.000000 0.000656 -0.000005
204 86878934644.000000  -0.003205 0.002734 89402  -0.000001 0.000714 -0.009403 0.036823  -0.091827 0.006623   88710 -0.000002 0.000691 0.000000
205 86884776691.000000  -0.002970 0.002884 89444  0.000004 0.000703 0.011315 0.029246  0.396182 -0.028574   88767 0.000003 0.000681 0.000003
206 86890618738.000000  -0.002758 0.003217 89427  0.000006 0.000696 0.017159 0.072700  0.555232 -0.040046   88702 0.000005 0.000673 0.000007
207 86896460785.000000  -0.002804 0.003237 89429  -0.000005 0.000712 0.038270 0.051968  -0.467759 0.033737   88730 -0.000006 0.000689 -0.000011
208 86902302832.000000  -0.002722 0.002735 89426  -0.000001 0.000705 0.002671 -0.063428  -0.088724 0.006399   88876 -0.000001 0.000687 -0.000003
209 86908144879.000000  -0.003016 0.002606 89426  -0.000000 0.000703 -0.018361 -0.036381  -0.025159 0.001815   88824 0.000000 0.000683 0.000001
210 86913986926.000000  -0.003018 0.003189 89427  0.000004 0.000704 0.027229 0.045715  0.357682 -0.025797   88750 0.000004 0.000681 -0.000000
211 86919828973.000000  -0.003025 0.003150 89428  -0.000003 0.000691 -0.001733 0.020433  -0.265123 0.019122   88733 -0.000002 0.000669 -0.000003
212 86925671020.000000  -0.002902 0.003313 89427  -0.000002 0.000695 -0.051596 0.040879  -0.177704 0.012817   88717 0.000002 0.000672 0.000002
213 86931513067.000000  -0.002870 0.002815 89429  0.000001 0.000712 0.002956 0.080280  0.111379 -0.008033   88665 0.000001 0.000687 -0.000001
214 86937355114.000000  -0.002970 0.002930 89426  -0.000002 0.000742 0.040574 -0.031213  -0.139072 0.010030   88835 -0.000004 0.000722 -0.000010
215 86943197161.000000  -0.002788 0.003324 89421  0.000001 0.000719 -0.019135 0.038949  0.048001 -0.003462   88720 0.000000 0.000696 0.000005
216 86949039208.000000  -0.002670 0.003132 89418  0.000001 0.000698 -0.010576 0.010604  0.114912 -0.008288   88769 0.000001 0.000678 0.000004
217 86954881255.000000  -0.002709 0.003068 89420  0.000006 0.000717 -0.020207 -0.041520  0.561297 -0.040483   88843 0.000006 0.000698 0.000011
218 86960723302.000000  -0.002885 0.002760 89421  -0.000001 0.000716 -0.058076 0.032251  -0.116656 0.008414   88725 0.000003 0.000693 0.000004
219 86966565349.000000  -0.002846 0.002898 89420  0.000003 0.000718 0.009624 -0.015128  0.262620 -0.018941   88816 0.000002 0.000698 0.000000
220 86972407396.000000  -0.002794 0.003091 89424  0.000005 0.000732 0.042492 -0.022426  0.488429 -0.035227   88827 0.000004 0.000711 0.000003
221 86978249443.000000  -0.003021 0.002551 89421  -0.000000 0.000696 -0.018738 -0.055191  -0.015236 0.001099   88868 0.000000 0.000678 0.000003
222 86984091490.000000  -0.003099 0.002881 89421  -0.000002 0.000708 -0.013362 -0.004217  -0.139916 0.010091   88807 0.000000 0.000688 -0.000004
223 86989933537.000000  -0.003618 0.002838 89422  -0.000003 0.000723 -0.030283 0.123119  -0.275768 0.019890   88659 -0.000002 0.000696 0.000002
224 86995775584.000000  -0.002693 0.003973 89422  0.000003 0.000725 0.074064 0.079676  0.249027 -0.017961   88732 -0.000001 0.000701 -0.000005
225 87001617631.000000  -0.002971 0.005371 89424  0.000002 0.000745 0.113437 0.319714  0.147279 -0.010622   88718 -0.000003 0.000719 -0.000010
226 87007459678.000000  -0.002988 0.011099 89421  0.000005 0.000774 0.587014 5.832879  0.488178 -0.035209   88683 -0.000003 0.000728 -0.000005
227 87013301725.000000  -0.002916 0.011100 89420  0.000007 0.000757 0.776735 8.179864  0.653961 -0.047166   88570 -0.000001 0.000701 0.000001
228 87019143772.000000  -0.002778 0.013522 89414  0.000004 0.000738 0.899740 11.621134  0.387549 -0.027952   88610 -0.000004 0.000687 -0.000009
229 87024985819.000000  -0.003257 0.006001 89413  0.000001 0.000730 0.026760 0.440101  0.060933 -0.004395   88737 0.000001 0.000704 0.000003
230 87030827866.000000  -0.003042 0.007712 89415  0.000003 0.000760 0.171158 0.930172  0.268301 -0.019351   88785 -0.000001 0.000732 -0.000006
231 87036669913.000000  -0.003783 0.014174 89410  0.000004 0.000774 0.980817 13.385551  0.330611 -0.023845   88612 -0.000003 0.000716 -0.000003
232 87042511960.000000  -0.003169 0.011248 89418  0.000012 0.000787 0.672747 6.669822  1.109983 -0.080056   88485 0.000004 0.000729 0.000007
233 87048354007.000000  -0.003149 0.004891 89393  0.000001 0.000761 0.099489 0.433927  0.132211 -0.009536   88707 -0.000003 0.000731 -0.000000
234 87054196054.000000  -0.003301 0.003524 89434  0.000007 0.000728 -0.006241 0.045944  0.626799 -0.045207   88749 0.000008 0.000705 0.000006
235 87060038101.000000  -0.003403 0.003229 89420  -0.000003 0.000741 -0.010307 0.021393  -0.226952 0.016369   88802 -0.000003 0.000719 -0.000001
236 87065880148.000000  -0.002834 0.002912 89418  -0.000001 0.000725 0.012917 -0.061384  -0.131934 0.009516   88877 -0.000002 0.000707 -0.000004
237 87071722195.000000  -0.002865 0.002824 89418  -0.000002 0.000698 0.001503 0.000568  -0.221821 0.015999   88760 -0.000002 0.000677 -0.000005
238 87077564242.000000  -0.003293 0.002927 89420  0.000000 0.000725 -0.005428 -0.001051  0.038753 -0.002795   88825 0.000000 0.000705 0.000004
239 87083406289.000000  -0.003286 0.003603 89417  0.000001 0.000712 0.034486 0.123900  0.093706 -0.006758   88708 -0.000001 0.000687 0.000001
240 87089248336.000000  -0.003158 0.003321 89422  0.000009 0.000723 -0.026381 0.016632  0.803683 -0.057965   88757 0.000011 0.000701 0.000012
241 87095090383.000000  -0.002630 0.002781 89424  0.000004 0.000704 0.015929 -0.064007  0.356036 -0.025679   88909 0.000004 0.000687 0.000001
242 87100932430.000000  -0.002992 0.003015 89419  -0.000001 0.000727 0.046060 0.079248  -0.127692 0.009210   88662 -0.000004 0.000701 -0.000010
243 87106774477.000000  -0.002989 0.002680 89419  -0.000001 0.000666 -0.017784 0.013879  -0.061820 0.004459   88777 0.000001 0.000646 -0.000001
244 87112616524.000000  -0.002885 0.002782 89416  -0.000000 0.000695 -0.002748 -0.065185  -0.030536 0.002202   88875 0.000001 0.000679 -0.000002
245 87118458571.000000  -0.003192 0.003050 89415  0.000002 0.000708 0.000324 0.024929  0.143621 -0.010358   88795 0.000003 0.000687 -0.000001
246 87124300618.000000  -0.003084 0.002821 89414  -0.000002 0.000694 -0.008247 0.022017  -0.204003 0.014714   88765 -0.000001 0.000673 -0.000003
247 87130142665.000000  -0.002815 0.002966 89410  -0.000001 0.000694 -0.029945 0.006525  -0.119421 0.008613   88761 -0.000000 0.000673 0.000003
248 87135984712.000000  -0.002925 0.003152 89410  -0.000005 0.000706 0.023094 0.060334  -0.470800 0.033956   88696 -0.000005 0.000682 -0.000009
249 87141826759.000000  -0.002829 0.003418 89415  0.000003 0.000705 0.011616 0.056854  0.242548 -0.017494   88770 0.000001 0.000684 0.000002
250 87147668806.000000  -0.002989 0.002831 89418  0.000005 0.000700 -0.015274 -0.057745  0.414770 -0.029915   88890 0.000005 0.000683 0.000007
251 87153510853.000000  -0.002973 0.003288 89416  -0.000001 0.000701 0.043428 0.069051  -0.105502 0.007609   88708 -0.000003 0.000677 -0.000009
252 87159352900.000000  -0.003163 0.003251 89418  -0.000000 0.000731 0.001029 0.045172  -0.028612 0.002064   88703 -0.000001 0.000707 0.000002
253 87165194947.000000  -0.003212 0.002857 89417  0.000002 0.000721 -0.004651 0.019495  0.201505 -0.014533   88741 0.000003 0.000699 0.000003
254 87171036994.000000  -0.003100 0.003543 89414  -0.000002 0.000753 -0.029051 0.082030  -0.186720 0.013467   88692 -0.000001 0.000728 0.000002
255 87176879041.000000  -0.003646 0.003314 89414  -0.000005 0.000727 -0.067551 0.061031  -0.434604 0.031345   88808 -0.000001 0.000704 0.000002
256 87182721088.000000  -0.003250 0.003418 89407  -0.000002 0.000757 -0.009768 -0.018702  -0.147015 0.010603   88830 -0.000003 0.000737 -0.000000
257 87188563135.000000  -0.003357 0.003912 89413  -0.000004 0.000745 -0.015970 0.121266  -0.378610 0.027307   88680 -0.000003 0.000719 -0.000003
258 87194405182.000000  -0.003085 0.005870 89411  0.000001 0.000770 0.080343 0.336008  0.114812 -0.008281   88714 -0.000002 0.000743 -0.000004
259 87200247229.000000  -0.002924 0.011629 89417  0.000009 0.000836 0.863760 8.860270  0.801968 -0.057841   88588 -0.000001 0.000771 0.000004
260 87206089276.000000  -0.003378 0.012093 89417  0.000009 0.000855 1.048517 9.701112  0.809507 -0.058385   88530 -0.000011 0.000781 -0.000017
261 87211931323.000000  -0.003387 0.013367 89417  0.000009 0.000903 0.971616 8.698447  0.819652 -0.059117   88292 -0.000012 0.000812 -0.000010
262 87217773370.000000  -0.003723 0.014145 89417  0.000020 0.001063 1.547343 12.884977  1.755334 -0.126602   88199 -0.000018 0.000914 -0.000010
263 87223615417.000000  -0.004326 0.015543 89409  0.000033 0.001170 2.091266 16.380612  2.907651 -0.209712   87871 -0.000022 0.000942 -0.000012
264 87229457464.000000  -0.004070 0.063167 89412  0.000073 0.001714 12.816114 323.723656  6.522767 -0.470448   87563 -0.000031 0.000938 -0.000036
265 87235299511.000000  -0.004340 0.072325 89415  0.000102 0.002101 14.114779 324.589467  9.146398 -0.659675   87741 -0.000022 0.000986 -0.000011
266 87241141558.000000  -0.004556 0.077017 89410  0.000100 0.002274 16.622828 405.664501  8.938693 -0.644695   87676 -0.000024 0.000954 -0.000026
267 87246983605.000000  -0.004687 0.076202 89412  0.000087 0.002102 15.897319 399.424662  7.813311 -0.563528   87906 -0.000026 0.000965 -0.000021
268 87252825652.000000  -0.004206 0.048528 89414  0.000075 0.001689 10.259005 186.372958  6.693932 -0.482793   88023 -0.000024 0.000931 -0.000026
269 87258667699.000000  -0.003717 0.058518 89413  0.000084 0.001731 11.691164 240.515379  7.476237 -0.539216   88083 -0.000024 0.000904 -0.000027
270 87264509746.000000  -0.004231 0.083977 89414  0.000085 0.001995 18.273139 524.548947  7.605237 -0.548520   88084 -0.000019 0.000873 -0.000026
271 87270351793.000000  -0.003785 0.075365 89414  0.000086 0.001981 16.547595 417.904524  7.731255 -0.557609   88046 -0.000022 0.000868 -0.000026
272 87276193840.000000  -0.004101 0.052415 89415  0.000069 0.001595 12.481024 278.730059  6.130108 -0.442128   87975 -0.000013 0.000875 -0.000007
273 87282035887.000000  -0.003444 0.034299 89419  0.000045 0.001311 8.435540 148.035842  4.054398 -0.292420   88141 -0.000010 0.000854 -0.000015
274 87287877934.000000  -0.003640 0.013742 89419  0.000019 0.000960 2.422882 25.220136  1.730404 -0.124804   88296 -0.000010 0.000802 -0.000009
275 87293719981.000000  -0.003217 0.008382 89421  -0.000001 0.000853 0.474078 2.603033  -0.101276 0.007304   88678 -0.000015 0.000803 -0.000023
276 87299562028.000000  -0.003319 0.005711 89422  0.000005 0.000814 0.256530 1.029092  0.420655 -0.030339   88461 -0.000007 0.000766 -0.000011
277 87305404075.000000  -0.003719 0.006946 89426  0.000001 0.000866 0.360312 1.909212  0.133738 -0.009646   88366 -0.000012 0.000805 -0.000012
278 87311246122.000000  -0.003852 0.013602 89426  0.000006 0.000964 1.051013 8.535460  0.525897 -0.037930   88191 -0.000023 0.000854 -0.000017
279 87317088169.000000  -0.003741 0.031160 89428  0.000032 0.001169 6.094945 109.473733  2.884610 -0.208050   88204 -0.000022 0.000862 -0.000017
280 87322930216.000000  -0.004495 0.030523 89432  0.000034 0.001259 7.498249 124.550453  3.037114 -0.219049   88201 -0.000020 0.000843 -0.000019
281 87328772263.000000  -0.003677 0.037642 89436  0.000039 0.001263 9.261513 197.315198  3.455911 -0.249254   88148 -0.000009 0.000843 -0.000001
282 87334614310.000000  -0.003573 0.032628 89438  0.000027 0.001078 6.529983 132.080399  2.449034 -0.176634   88272 -0.000014 0.000804 -0.000027
283 87340456357.000000  -0.003446 0.016427 89438  0.000021 0.000989 2.927756 32.080914  1.861378 -0.134250   88286 -0.000015 0.000802 -0.000014
284 87346298404.000000  -0.003697 0.032620 89440  0.000024 0.001078 5.996360 117.948477  2.122686 -0.153097   88317 -0.000019 0.000815 -0.000023
285 87352140451.000000  -0.003403 0.040594 89444  0.000032 0.001221 9.913705 227.468175  2.878818 -0.207632   88546 -0.000017 0.000828 -0.000024
286 87357982498.000000  -0.003088 0.028860 89445  0.000028 0.001123 5.836530 101.797759  2.514201 -0.181334   88365 -0.000016 0.000844 -0.000017
287 87363824545.000000  -0.004022 0.012422 89443  0.000016 0.000989 1.575218 12.761520  1.394876 -0.100604   88367 -0.000016 0.000856 -0.000019
288 87369666592.000000  -0.003702 0.008252 89438  0.000005 0.000891 0.486793 2.462911  0.470697 -0.033949   88654 -0.000012 0.000833 -0.000017
289 87375508639.000000  -0.003615 0.006805 89436  0.000004 0.000825 0.203197 0.968484  0.333962 -0.024087   88724 -0.000002 0.000789 -0.000012
290 87381350686.000000  -0.003612 0.004380 89431  -0.000005 0.000804 0.052429 0.176410  -0.446436 0.032199   88716 -0.000008 0.000775 -0.000008
291 87387192733.000000  -0.003275 0.006102 89423  0.000001 0.000834 0.055986 0.469529  0.073683 -0.005314   88667 -0.000002 0.000800 0.000011
292 87393034780.000000  -0.003049 0.009069 89410  0.000001 0.000793 0.315662 2.425983  0.056410 -0.004069   88591 -0.000005 0.000750 -0.000005
293 87398876827.000000  -0.003097 0.009253 89403  0.000005 0.000780 0.434233 3.736231  0.452410 -0.032630   88592 -0.000002 0.000733 0.000003
294 87404718874.000000  -0.002934 0.003375 89403  0.000001 0.000802 0.078199 0.024146  0.096611 -0.006968   88711 -0.000006 0.000776 -0.000009
295 87410560921.000000  -0.003533 0.003089 89404  0.000001 0.000772 0.003994 0.004796  0.117333 -0.008463   88748 0.000002 0.000749 -0.000003
296 87416402968.000000  -0.003422 0.003046 89407  -0.000004 0.000772 0.003780 0.017134  -0.347379 0.025054   88733 -0.000004 0.000748 -0.000006
297 87422245015.000000  -0.003405 0.003951 89414  0.000002 0.000788 0.027797 0.048726  0.215019 -0.015508   88758 0.000000 0.000764 -0.000000
298 87428087062.000000  -0.003316 0.004566 89412  0.000006 0.000777 0.077040 0.132879  0.534608 -0.038558   88716 0.000001 0.000751 -0.000007
299 87433929109.000000  -0.003206 0.004447 89412  -0.000001 0.000773 0.036225 0.089090  -0.062012 0.004473   88740 -0.000003 0.000749 -0.000001
300 87439771156.000000  -0.003040 0.004991 89419  0.000001 0.000752 0.040705 0.152568  0.063750 -0.004598   88699 -0.000001 0.000726 -0.000000
301 87445613203.000000  -0.003180 0.004149 89419  -0.000004 0.000773 0.014113 -0.013294  -0.347562 0.025068   88848 -0.000006 0.000753 -0.000004
302 87451455250.000000  -0.003020 0.003345 89418  0.000002 0.000776 0.041058 -0.033360  0.215376 -0.015534   88862 -0.000000 0.000756 -0.000001
303 87457297297.000000  -0.003208 0.005968 89421  0.000003 0.000790 0.056839 0.343146  0.242781 -0.017510   88685 0.000002 0.000761 0.000003
304 87463139344.000000  -0.003695 0.004091 89418  -0.000000 0.000808 0.036904 0.139232  -0.036523 0.002634   88640 -0.000001 0.000778 -0.000006
305 87468981391.000000  -0.003128 0.004855 89417  -0.000001 0.000787 0.009944 0.123085  -0.119611 0.008627   88709 0.000001 0.000761 0.000000
306 87474823438.000000  -0.003168 0.003713 89419  -0.000004 0.000765 -0.013866 -0.004807  -0.386335 0.027864   88803 -0.000003 0.000743 -0.000006
307 87480665485.000000  -0.003104 0.004413 89423  -0.000003 0.000772 0.053625 0.056469  -0.275541 0.019873   88806 -0.000006 0.000749 -0.000006
308 87486507532.000000  -0.003237 0.003022 89423  0.000000 0.000772 -0.029427 -0.046736  0.015614 -0.001126   88892 0.000003 0.000753 0.000002
309 87492349579.000000  -0.003289 0.003890 89427  -0.000003 0.000768 0.015423 0.110081  -0.260098 0.018759   88704 -0.000005 0.000741 -0.000001
310 87498191626.000000  -0.003571 0.003055 89420  0.000002 0.000787 -0.033512 -0.029813  0.223048 -0.016087   88866 0.000003 0.000767 0.000008
311 87504033673.000000  -0.003216 0.003998 89419  0.000004 0.000785 0.029377 0.109119  0.377567 -0.027232   88687 0.000002 0.000758 0.000004
312 87509875720.000000  -0.003252 0.004409 89422  0.000009 0.000792 0.049160 0.080917  0.782930 -0.056468   88773 0.000006 0.000767 -0.000001
313 87515717767.000000  -0.003334 0.003425 89428  -0.000000 0.000788 0.025381 0.079266  -0.005340 0.000385   88654 -0.000003 0.000760 -0.000002
314 87521559814.000000  -0.003155 0.004078 89430  0.000002 0.000786 0.001687 0.061842  0.221635 -0.015985   88738 0.000002 0.000761 0.000005
315 87527401861.000000  -0.003080 0.004372 89426  0.000002 0.000787 0.050315 0.020433  0.163007 -0.011757   88849 -0.000002 0.000766 -0.000004
316 87533243908.000000  -0.003591 0.004101 89426  0.000005 0.000787 0.012030 0.140454  0.438669 -0.031639   88622 0.000005 0.000757 -0.000001
317 87539085955.000000  -0.003251 0.004336 89424  -0.000004 0.000802 0.050011 0.044686  -0.321279 0.023172   88795 -0.000007 0.000778 -0.000008
318 87544928002.000000  -0.003210 0.004020 89421  -0.000001 0.000790 0.022511 0.070331  -0.049583 0.003576   88804 -0.000001 0.000766 -0.000003
319 87550770049.000000  -0.003463 0.005227 89418  -0.000001 0.000834 0.046979 0.156657  -0.087815 0.006334   88669 -0.000003 0.000804 -0.000004
320 87556612096.000000  -0.006846 0.006467 89421  0.000008 0.001558 -0.034791 0.045829  0.714038 -0.051499   88712 0.000011 0.001507 0.000026
